  -1.0000000000000000        906.72057396405319        244.23058750695489     
 -0.99333333333333329        1505.5469536286751        333.98655438902369     
 -0.98666666666666658        1295.0364170581202        297.39534742527098     
 -0.97999999999999987        1582.8147069322363        373.37622867201338     
 -0.97333333333333316        1552.4069144357304        298.14537926815069     
 -0.96666666666666645        1199.4928007725239        257.58317187160191     
 -0.95999999999999974        1436.5699333304319        315.13383743644800     
 -0.95333333333333303        1542.2094329925674        342.30749135474827     
 -0.94666666666666632        958.03456296952379        228.57382313220552     
 -0.93999999999999961        1237.3938021511537        267.45454289527180     
 -0.93333333333333290        1166.9907262859863        247.51684644450489     
 -0.92666666666666619        1139.1858346499153        282.10664832906656     
 -0.91999999999999948        1229.9511385659946        309.31103997110921     
 -0.91333333333333278        2734.1628919556015        690.01182096526748     
 -0.90666666666666607        1621.7556963789607        343.77038680537828     
 -0.89999999999999936        1359.2183580537030        303.13701665030288     
 -0.89333333333333265        1043.1524899106694        277.90471041453179     
 -0.88666666666666594        1160.8017560246208        242.22402085744849     
 -0.87999999999999923        1513.8091751248692        330.12528018288253     
 -0.87333333333333252        1949.6929383659817        373.20683290533799     
 -0.86666666666666581        1619.8194644582341        365.20363135167094     
 -0.85999999999999910        1563.1391019745879        356.35469190612469     
 -0.85333333333333239        1433.2769665454423        310.85948710970951     
 -0.84666666666666568        1021.1178806249395        239.04486695383147     
 -0.83999999999999897        933.50948997179228        247.47860986896794     
 -0.83333333333333226        1105.1063348896728        251.63298229188953     
 -0.82666666666666555        1229.2451286313260        280.68818960945470     
 -0.81999999999999884        1871.0151792784991        551.48927984949773     
 -0.81333333333333213        1397.2323291149348        312.78666144797739     
 -0.80666666666666542        1937.8690564932297        411.29721256141880     
 -0.79999999999999871        1401.4719970099216        327.16788185263522     
 -0.79333333333333200        1824.0253104489161        399.35725580789438     
 -0.78666666666666529        1437.3826759987155        353.24102759838263     
 -0.77999999999999858        1516.8089531819480        390.81695763077619     
 -0.77333333333333187        1003.3244725883631        211.36747158150777     
 -0.76666666666666516        1160.3288161679482        303.94289213603918     
 -0.75999999999999845        1007.1532755290777        301.74949987908997     
 -0.75333333333333174        957.38955194633206        264.81330525770949     
 -0.74666666666666504        1419.5019462205371        345.50875835918202     
 -0.73999999999999833        1517.3438859049375        373.87077306626355     
 -0.73333333333333162        1498.0289393416601        360.02952622246352     
 -0.72666666666666491        1697.1378083951283        385.59959957449928     
 -0.71999999999999820        1440.0913756167940        341.49573628544056     
 -0.71333333333333149        1109.0041429588600        257.16437677575612     
 -0.70666666666666478        1235.3669457905887        313.27523341432538     
 -0.69999999999999807        1431.3925057817701        402.57062559136506     
 -0.69333333333333136        1229.3509984748991        288.46958927179963     
 -0.68666666666666465        844.84320922006793        208.09158951358859     
 -0.67999999999999794        1361.3345561713427        332.63244081523681     
 -0.67333333333333123        1661.6069853056167        383.89364898300119     
 -0.66666666666666452        1914.9427644730774        446.13382169169853     
 -0.65999999999999781        1390.1050691202968        404.89707089791341     
 -0.65333333333333110        1465.7470730636978        360.01220867988724     
 -0.64666666666666439        1341.0138188047106        313.74896047601339     
 -0.63999999999999768        1385.1353148422111        335.50934835052618     
 -0.63333333333333097        1562.4848746036719        383.03850170131761     
 -0.62666666666666426        1374.2751857647859        329.85674765960908     
 -0.61999999999999755        1569.5724231086781        431.46943813958273     
 -0.61333333333333084        1443.1958586599101        414.46306063893377     
 -0.60666666666666413        1308.7860390506485        341.36940121722341     
 -0.59999999999999742        1415.1220843074307        384.97811970777457     
 -0.59333333333333071        1211.2926245053945        290.91985755302335     
 -0.58666666666666401        1439.8014654577330        309.57001220857126     
 -0.57999999999999730        2583.4857908768727        1141.1533568818948     
 -0.57333333333333059        2629.6869445384182        547.83321470932640     
 -0.56666666666666388        1772.9423781088981        463.41226185862411     
 -0.55999999999999717        1448.3395429930558        486.44776768502550     
 -0.55333333333333046        1217.5486247735478        403.86710961659179     
 -0.54666666666666375        1361.4250006207146        377.07412070012327     
 -0.53999999999999704        1253.6306018981211        362.37323064338392     
 -0.53333333333333033        1277.7098611349375        371.02915733474333     
 -0.52666666666666362        1532.7926763850908        379.87243826393330     
 -0.51999999999999691        1453.4315902862245        390.18042999397721     
 -0.51333333333333020        1755.2105983869285        488.14786056575036     
 -0.50666666666666349        1182.4438956939832        309.63071893637323     
 -0.49999999999999684        1311.6850061563448        336.01724791830270     
 -0.49333333333333018        1473.9148935348526        437.85000143367483     
 -0.48666666666666353        1257.2375500027781        408.73753301899194     
 -0.47999999999999687        1694.1950987257565        396.32462733350332     
 -0.47333333333333022        1836.1244953196626        519.47326148358093     
 -0.46666666666666357        1239.0403143160215        341.98343161769162     
 -0.45999999999999691        1030.9786734150214        311.86157047624727     
 -0.45333333333333026        1829.2317956825900        469.87440275983568     
 -0.44666666666666360        1314.6774125519009        326.13210385002759     
 -0.43999999999999695        1759.6199695673099        460.95069288197698     
 -0.43333333333333030        1700.2488134642431        376.38428285950414     
 -0.42666666666666364        992.88576237409325        286.76712655114153     
 -0.41999999999999699        1016.3897653640119        320.40972024411508     
 -0.41333333333333033        1671.4003325392571        469.86617112167562     
 -0.40666666666666368        2013.4663791747064        504.66858501770776     
 -0.39999999999999702        1110.0172021198939        341.56665012523348     
 -0.39333333333333037        904.03187036477232        320.31815689869285     
 -0.38666666666666372        1653.2725478578632        452.36847956611234     
 -0.37999999999999706        2112.7753884994886        519.03785465349870     
 -0.37333333333333041        1337.3412192062121        432.77618289634887     
 -0.36666666666666375        1958.9461942720400        439.55984394946751     
 -0.35999999999999710        788.02302316042449        240.64803308193473     
 -0.35333333333333045        1610.8576346607456        450.73283289143558     
 -0.34666666666666379        1278.8699047074952        377.41283650836147     
 -0.33999999999999714        1680.9767970098671        418.07369935322151     
 -0.33333333333333048        1039.5669618056263        355.41879071676033     
 -0.32666666666666383        1181.7558275603751        388.58411416842449     
 -0.31999999999999718        1136.0944808576889        339.78047198520602     
 -0.31333333333333052        1270.6149334506704        410.79634890181080     
 -0.30666666666666387        1509.5749483277375        491.57767929367469     
 -0.29999999999999721        1555.8056560974028        436.53494176381912     
 -0.29333333333333056        1411.2664700749312        431.99941874491367     
 -0.28666666666666391        1306.3403383450520        353.67304279418431     
 -0.27999999999999725        734.46879658810974        283.02880859187394     
 -0.27333333333333060        1995.1743226825224        640.56200222756740     
 -0.26666666666666394        1207.4301607735524        324.10235706771209     
 -0.25999999999999729        974.78342060611828        359.70575075156881     
 -0.25333333333333063        989.93219106975766        265.67915547566605     
 -0.24666666666666398        1771.8573815843611        475.27844460020140     
 -0.23999999999999733        1712.3874652143306        433.99106749861255     
 -0.23333333333333067        813.79511473545392        279.54936097117286     
 -0.22666666666666402        877.81117109875493        234.04406282648785     
 -0.21999999999999736        842.02680744368070        317.82878084992620     
 -0.21333333333333071        750.10744541343684        270.27305386317482     
 -0.20666666666666406        2151.2912366435444        583.74451748212903     
 -0.19999999999999740        1198.5532440761378        416.39637116467463     
 -0.19333333333333075        1242.9769007224595        410.26828601801486     
 -0.18666666666666409        833.44284738533861        244.22268049676376     
 -0.17999999999999744        1160.3734035447421        409.89231325072518     
 -0.17333333333333079        781.37813959387540        289.72612621555106     
 -0.16666666666666413        1805.3104297448872        502.97335781939950     
 -0.15999999999999748        1235.8272805650479        389.11877358486527     
 -0.15333333333333082        1120.0035922135621        377.37999150873384     
 -0.14666666666666417        825.29612791681905        282.56195922115404     
 -0.13999999999999752        1192.9346754528985        409.82613592263448     
 -0.13333333333333086        1150.0325519452838        349.09827341075527     
 -0.12666666666666421        919.44914900809874        263.02196522938345     
 -0.11999999999999754        1954.3159859552325        541.41108663383125     
 -0.11333333333333087        961.67195698062187        257.20338225551063     
 -0.10666666666666420        1204.7667209485628        395.65001909955259     
  -9.9999999999997535E-002   1404.3848900234411        392.54151113772662     
  -9.3333333333330867E-002   1088.7401993208241        384.39258530613949     
  -8.6666666666664199E-002   1535.4032637970095        455.26604099171107     
  -7.9999999999997531E-002   1351.8604337098930        477.41999039542020     
  -7.3333333333330863E-002   1297.4233907012529        330.72955333406793     
  -6.6666666666664195E-002   1175.9857227431723        371.01193154273386     
  -5.9999999999997528E-002   926.96650541613030        275.03664032620469     
  -5.3333333333330860E-002   899.11124154279901        236.00926025276055     
  -4.6666666666664192E-002   1524.7390227803708        414.85846391976287     
  -3.9999999999997524E-002   360.96475629547098        140.53477641777673     
  -3.3333333333330856E-002   609.93031193844899        252.10760485654041     
  -2.6666666666664188E-002   957.14836056357012        376.33022924270193     
  -1.9999999999997520E-002   1242.4606220532089        404.55028284181060     
  -1.3333333333330852E-002   1885.4707817011006        523.79836572213367     
  -6.6666666666641847E-003   1491.3741240869244        414.92786750951791     
   2.4823892941228110E-015   868.49299251269895        279.97909457140372     
   6.6666666666691495E-003   706.07853607185575        332.53990568176454     
   1.3333333333335817E-002   1437.8378556374532        448.84071578337017     
   2.0000000000002485E-002   1215.2282422895362        417.68865947212583     
   2.6666666666669153E-002   1115.9312961574867        437.69338161618322     
   3.3333333333335817E-002   1427.3142151358925        404.38433129313540     
   4.0000000000002485E-002   1779.7170388977163        490.47327877618721     
   4.6666666666669153E-002   1011.6665918030840        336.42317088144733     
   5.3333333333335821E-002   1496.9915347250401        399.32634959790391     
   6.0000000000002489E-002   679.38996359572741        238.20521025531110     
   6.6666666666669150E-002   1341.9116408901054        455.20852544697954     
   7.3333333333335818E-002   757.55105270751289        305.91377906293275     
   8.0000000000002486E-002   959.10862002410170        426.93187891896298     
   8.6666666666669154E-002   733.85294191621847        251.59479531091691     
   9.3333333333335822E-002   1465.4759435592107        442.80656316221905     
  0.10000000000000249        477.88921507936749        186.50743623720243     
  0.10666666666666916        1193.9388183879955        378.65773594017412     
  0.11333333333333583        1169.8266210046013        359.58425251877327     
  0.12000000000000249        1341.3681049582858        404.10918142725092     
  0.12666666666666915        1725.1251492007896        532.06973238244905     
  0.13333333333333580        149.66752898628812        79.467598230209461     
  0.14000000000000246        994.32862381025063        335.00769163010699     
  0.14666666666666911        897.12932357066165        337.35834128730090     
  0.15333333333333576        1621.3905774827472        437.22049020287454     
  0.16000000000000242        1342.5088865601135        465.74116415655288     
  0.16666666666666907        1164.2448400721901        372.48144645667043     
  0.17333333333333573        738.22790027880342        250.24321878797397     
  0.18000000000000238        661.96446842925729        273.16526563057391     
  0.18666666666666903        1161.6175385880888        331.10440511867301     
  0.19333333333333569        958.16577559329949        387.70850638171504     
  0.20000000000000234        1642.7287842458582        549.43489817869420     
  0.20666666666666900        489.79699889695422        188.01816097947554     
  0.21333333333333565        1200.3741456980345        386.37172552378627     
  0.22000000000000230        1171.1391148341277        391.23126648300735     
  0.22666666666666896        1388.5905964469202        585.29165797616054     
  0.23333333333333561        1516.8958587740926        412.18831709143171     
  0.24000000000000227        907.70145312631132        279.21687127790562     
  0.24666666666666892        806.69623333705215        322.04706844387243     
  0.25333333333333558        787.41063663024477        284.65167176990457     
  0.26000000000000223        1760.6535280507564        456.72976107909528     
  0.26666666666666888        1523.1677457314240        391.20928768293777     
  0.27333333333333554        1736.4466918775881        467.55200009643187     
  0.28000000000000219        1059.8156302837604        392.36452818611633     
  0.28666666666666885        618.97081353405360        177.94486998620056     
  0.29333333333333550        814.23452105875049        243.73770316369058     
  0.30000000000000215        1207.5854804870121        390.75188720275958     
  0.30666666666666881        1426.1801602804442        433.88550715623325     
  0.31333333333333546        1203.1102748178548        335.36348575913348     
  0.32000000000000212        2072.9756527231020        538.77831892666359     
  0.32666666666666877        690.89090652448294        276.39906872637965     
  0.33333333333333542        1461.9623564865931        457.50900003162332     
  0.34000000000000208        1230.3037589390867        366.05244948325640     
  0.34666666666666873        1087.0564036021697        307.42544998485022     
  0.35333333333333539        2263.4767131809062        578.33138926180629     
  0.36000000000000204        1210.4679421457893        405.76954593735934     
  0.36666666666666869        832.58638205600471        260.87302905291784     
  0.37333333333333535        1134.1990488699887        327.28488046583880     
  0.38000000000000200        2071.4663896664415        574.65374523022388     
  0.38666666666666866        1001.2395592075918        321.25736105791827     
  0.39333333333333531        1274.7265946512196        382.76268060062682     
  0.40000000000000197        1136.7629503078845        346.90841005968542     
  0.40666666666666862        1539.3123395778807        475.34774707326125     
  0.41333333333333527        1318.1583417611421        384.35234703867110     
  0.42000000000000193        1531.8179814753091        436.48092431148740     
  0.42666666666666858        1258.7333980344642        373.93315652913105     
  0.43333333333333524        1938.7987633399455        473.14132237265835     
  0.44000000000000189        1366.6083397641214        362.69769707009419     
  0.44666666666666854        747.81544515904477        256.68525204227103     
  0.45333333333333520        888.02381672790830        308.20581103189369     
  0.46000000000000185        858.41626151327796        258.53947706362828     
  0.46666666666666851        1203.0320151654523        336.82784906886002     
  0.47333333333333516        1507.7836275973771        428.45800484480651     
  0.48000000000000181        1477.2452806760277        409.29536214723959     
  0.48666666666666847        863.01897620512932        227.34980867331055     
  0.49333333333333512        1231.0649925541682        330.86347201255455     
  0.50000000000000178        1168.3552760371410        340.66082466729921     
  0.50666666666666849        1231.0469031233456        370.19255886512758     
  0.51333333333333520        1035.2552418583639        295.00890856145088     
  0.52000000000000191        1223.6343428323689        374.80438959856667     
  0.52666666666666861        1061.6493880554137        344.06308374249426     
  0.53333333333333532        1349.2027040945195        391.86429752568699     
  0.54000000000000203        1187.4829752535379        311.37335601161726     
  0.54666666666666874        979.02940842131727        307.51986961587352     
  0.55333333333333545        1619.0964491745112        474.43895424697519     
  0.56000000000000216        1278.5709951487368        519.04005206175759     
  0.56666666666666887        1296.1101662430963        316.30051290115352     
  0.57333333333333558        979.83328367275897        298.30871294936969     
  0.58000000000000229        1392.0769754076430        406.72619887309980     
  0.58666666666666900        989.51855995865435        316.43598408393456     
  0.59333333333333571        1936.9451302977568        447.45457448924435     
  0.60000000000000242        1609.8566414251870        432.34132341841240     
  0.60666666666666913        609.29354371679540        194.64299636290011     
  0.61333333333333584        987.31685653223337        331.28136482441352     
  0.62000000000000255        1050.8073807053265        280.19336297846155     
  0.62666666666666926        1166.0970927430510        320.03519725594640     
  0.63333333333333597        1367.6817839143937        377.75423157544162     
  0.64000000000000268        1226.3455629058119        336.19956733006870     
  0.64666666666666939        824.25855864552602        247.59780271609435     
  0.65333333333333610        801.09994889168433        271.89821517224891     
  0.66000000000000281        623.36352864686216        197.03564459092118     
  0.66666666666666952        1197.3481777402978        338.21114803444789     
  0.67333333333333623        937.20526954988964        312.17693472732475     
  0.68000000000000294        522.94391783347749        166.70995274487376     
  0.68666666666666965        1072.9920616763086        319.26393583558121     
  0.69333333333333635        1813.6408710079254        436.72528676169310     
  0.70000000000000306        1066.6283129296544        312.86183651017285     
  0.70666666666666977        2033.8454061349385        483.18529521891890     
  0.71333333333333648        929.82515237456323        287.35436199398248     
  0.72000000000000319        1593.5425425402570        405.91912343503424     
  0.72666666666666990        807.37049491971698        229.87167141353575     
  0.73333333333333661        1022.1135561510234        292.18879406830268     
  0.74000000000000332        1131.1542793795729        295.69739505799356     
  0.74666666666667003        868.07312531180185        253.15691725768303     
  0.75333333333333674        928.97310563185044        268.69250751424067     
  0.76000000000000345        1247.7769571744934        323.09847714272809     
  0.76666666666667016        944.27313782273814        226.25409806914703     
  0.77333333333333687        1405.9756955984574        349.08896694510594     
  0.78000000000000358        729.20101263521747        228.54178201721820     
  0.78666666666667029        1127.4252662167223        317.41688703030610     
  0.79333333333333700        904.22124302409657        260.83314335400524     
  0.80000000000000371        1067.3502248677089        310.48471466505640     
  0.80666666666667042        1415.4777213747439        367.30425443445603     
  0.81333333333333713        908.79492758273079        259.30959039264940     
  0.82000000000000384        1233.8976127215012        313.54287196747356     
  0.82666666666667055        1352.1599124414031        324.25993673932169     
  0.83333333333333726        704.71990821380882        249.27957942351568     
  0.84000000000000397        1588.0509326799017        330.39839314954503     
  0.84666666666667068        1359.9937640868045        355.32595806114108     
  0.85333333333333738        781.45171517917379        240.21796196986887     
  0.86000000000000409        905.72916975141936        269.34588908503503     
  0.86666666666667080        793.50262882007712        224.58513531936711     
  0.87333333333333751        1069.8772451131154        284.56702744361638     
  0.88000000000000422        2152.6759222665960        454.38181609154179     
  0.88666666666667093        1462.9410931151451        355.21232110087561     
  0.89333333333333764        955.23024898289452        251.99181738491356     
  0.90000000000000435        1063.0217155814983        263.25437198352728     
  0.90666666666667106        898.45351002474013        238.33333582061221     
  0.91333333333333777        1020.1379947729403        239.26056205773148     
  0.92000000000000448        2366.2266915742730        1142.4943180658322     
  0.92666666666667119        1138.8254614723671        260.32089435707189     
  0.93333333333333790        1241.4611368395795        308.71941403362979     
  0.94000000000000461        1231.2470647399696        267.08917530959536     
  0.94666666666667132        1325.4399841514248        298.86052430840516     
  0.95333333333333803        1331.8128496681613        313.53825524469465     
  0.96000000000000474        1150.5970264044563        287.25057576142888     
  0.96666666666667145        1162.9298546673497        296.15624860829320     
  0.97333333333333816        786.10721143136846        205.57385422399966     
  0.98000000000000487        973.21003864884096        249.99771144772220     
  0.98666666666667158        930.51333103827005        244.25226118284473     
  0.99333333333333829        1772.0161545442429        705.81073699892727     
