  -1.0000000000000000        1753.0981749207335        705.68958236595665     
 -0.99333333333333329        821.49810704620029        214.01495452603788     
 -0.98666666666666658        1166.2372416682476        281.65692636065086     
 -0.97999999999999987        897.04709877065216        226.55434950575139     
 -0.97333333333333316        1254.8824186494935        311.42000603360765     
 -0.96666666666666645        937.92642473384956        258.72708782405624     
 -0.95999999999999974        1504.1909020650394        348.09513482998096     
 -0.95333333333333303        1458.6457031110813        306.29928926007625     
 -0.94666666666666632        937.03134087463900        217.07758944642725     
 -0.93999999999999961        1274.2013985002534        316.02190443721776     
 -0.93333333333333290        1010.4009456728820        249.84830697401571     
 -0.92666666666666619        2302.8502447054479        1140.1184894282719     
 -0.91999999999999948        1091.0296215476344        251.47851713231495     
 -0.91333333333333278        898.03662419644240        210.21821041466293     
 -0.90666666666666607        1174.6113423663719        289.15512834265508     
 -0.89999999999999936        865.56564079697932        214.43248182024237     
 -0.89333333333333265        1434.8761175431664        369.22264867787050     
 -0.88666666666666594        2277.0959068786260        464.12568252610066     
 -0.87999999999999923        701.96144015066784        211.96952281233550     
 -0.87333333333333252        826.49089746236382        232.50784007969520     
 -0.86666666666666581        1088.7824836854293        283.68718666378595     
 -0.85999999999999910        949.96329738369343        270.05369926840291     
 -0.85333333333333239        1527.3575172940125        362.07744451586410     
 -0.84666666666666568        1792.7853988015593        374.25241875921802     
 -0.83999999999999897        951.11832634196492        282.86150527819416     
 -0.83333333333333226        1272.7346027681588        325.72908011333027     
 -0.82666666666666555        903.65394273803327        269.99619693810058     
 -0.81999999999999884        1143.5717253231160        305.96255981608743     
 -0.81333333333333213        1488.7828223210654        387.20533822818135     
 -0.80666666666666542        544.13987057466261        190.84773809112727     
 -0.79999999999999871        1027.5942139669839        275.81220426356964     
 -0.79333333333333200        1231.0801266829681        341.07071319196007     
 -0.78666666666666529        726.06244522935003        221.48476936490522     
 -0.77999999999999858        1208.8234672666642        315.75255196553496     
 -0.77333333333333187        1235.8248067205895        291.47073870987225     
 -0.76666666666666516        1235.6557448277922        326.15224016564531     
 -0.75999999999999845        719.05605236523445        231.91217108356096     
 -0.75333333333333174        801.45330998632448        233.04756595788865     
 -0.74666666666666504        988.06822541998554        261.26864260320468     
 -0.73999999999999833        1060.1959626806440        316.53617479480965     
 -0.73333333333333162        1261.4787956888410        337.39825508241364     
 -0.72666666666666491        1050.6961819037865        302.03195918764158     
 -0.71999999999999820        1118.5983553438136        316.93455831693183     
 -0.71333333333333149        2013.7554315804625        476.31974916223822     
 -0.70666666666666478        1013.1900497061548        313.70821391106386     
 -0.69999999999999807        1703.3288116292019        423.52685708288470     
 -0.69333333333333136        1208.9964689803110        367.12929685386723     
 -0.68666666666666465        819.82920483808209        262.41190126283448     
 -0.67999999999999794        984.50060007303045        305.22584587340793     
 -0.67333333333333123        846.71514040541695        270.23464932369677     
 -0.66666666666666452        573.85119030943576        209.20070089309232     
 -0.65999999999999781        730.85425139620872        245.30570655674029     
 -0.65333333333333110        913.78653674507518        255.12345001807338     
 -0.64666666666666439        882.97618847844944        247.75406134043482     
 -0.63999999999999768        1547.8228628866561        412.19787146131313     
 -0.63333333333333097        1468.6111847761188        394.14930691043054     
 -0.62666666666666426        1316.5959320012278        302.43721090216178     
 -0.61999999999999755        915.87203999864414        302.45199692769546     
 -0.61333333333333084        996.76792769022495        288.48341104728871     
 -0.60666666666666413        1442.3917551352108        404.21295423161791     
 -0.59999999999999742        1254.6452335831834        316.42906385619312     
 -0.59333333333333071        1276.2728633584586        378.78229618959529     
 -0.58666666666666401        985.63016504098255        293.63528396535742     
 -0.57999999999999730        1162.5770936489500        346.69327468885308     
 -0.57333333333333059        1426.6447775630786        353.04521269922782     
 -0.56666666666666388        1264.4612896266290        536.28735822772330     
 -0.55999999999999717        1076.6693746785049        312.72695445652073     
 -0.55333333333333046        1384.0004953130167        399.58463167838846     
 -0.54666666666666375        985.50017418994889        285.02247389343546     
 -0.53999999999999704        1082.2945501415822        308.31088745425870     
 -0.53333333333333033        1409.1577300178424        406.75249733077283     
 -0.52666666666666362        1035.6822240481581        356.61467780718635     
 -0.51999999999999691        1411.0332525949925        380.42303538435687     
 -0.51333333333333020        893.02407405483257        326.21811239966706     
 -0.50666666666666349        1184.3456599952015        343.08815182887912     
 -0.49999999999999684        1340.2924605629071        340.04560764622443     
 -0.49333333333333018        1332.8578524955994        336.22510400838161     
 -0.48666666666666353        699.65192863598054        295.54715779546041     
 -0.47999999999999687        1209.7057845050551        402.81433985894608     
 -0.47333333333333022        1010.0853435349848        295.61963178124631     
 -0.46666666666666357        1092.9195096874121        251.72906147612667     
 -0.45999999999999691        1156.7672927200676        374.94501435737556     
 -0.45333333333333026        892.66548026032660        283.27724852550443     
 -0.44666666666666360        1079.6811034431198        305.06899600001941     
 -0.43999999999999695        1862.8111146222175        486.43506851171367     
 -0.43333333333333030        1357.1676472114223        405.05114935389093     
 -0.42666666666666364        1574.1866120360530        437.27616877860834     
 -0.41999999999999699        1196.8233170293954        387.74148861412590     
 -0.41333333333333033        1579.6263228391817        452.70243150373079     
 -0.40666666666666368        1363.9001492224972        349.47352933890193     
 -0.39999999999999702        1090.4865187379155        301.37865508857135     
 -0.39333333333333037        1038.0562009542884        300.30111882889764     
 -0.38666666666666372        2084.5999415176398        573.71095128316244     
 -0.37999999999999706        1169.8632204024477        370.42903635658297     
 -0.37333333333333041        952.76797501067927        340.56084442284151     
 -0.36666666666666375        1639.6275384735463        517.26215040732575     
 -0.35999999999999710        1659.9439681502024        467.48785103479997     
 -0.35333333333333045        1562.4001958115568        422.65773605218584     
 -0.34666666666666379        1655.7807443262527        437.48061519516648     
 -0.33999999999999714        1272.1053509686706        425.84685517041697     
 -0.33333333333333048        1078.8125461306388        335.72721878490228     
 -0.32666666666666383        2092.2772267756632        527.54573404943301     
 -0.31999999999999718        709.26426843302670        272.78774581806806     
 -0.31333333333333052        1134.1179484265297        393.35426183376546     
 -0.30666666666666387        1251.6695906777882        396.74739742691077     
 -0.29999999999999721        783.42458816394731        236.92025157684762     
 -0.29333333333333056        940.72899637872933        240.10854105064317     
 -0.28666666666666391        1058.0192380577321        396.31931014102116     
 -0.27999999999999725        843.17938650122198        268.93286066003782     
 -0.27333333333333060        1797.3447342621560        471.96620465589450     
 -0.26666666666666394        1536.8650039379577        468.03004431274280     
 -0.25999999999999729        857.84653834329379        276.54502443416271     
 -0.25333333333333063        945.31418827533571        316.36978453331909     
 -0.24666666666666398        1023.3866487901058        329.19825988500776     
 -0.23999999999999733        1575.3080682245322        426.22741681999014     
 -0.23333333333333067        1408.1817265299971        579.90785911970795     
 -0.22666666666666402        374.94322422594377        174.55535326729134     
 -0.21999999999999736        1271.4488908143974        442.37961001735016     
 -0.21333333333333071        965.71704576832542        291.11357751476885     
 -0.20666666666666406        1805.8849340512936        576.47360319911627     
 -0.19999999999999740        1303.4971495102736        420.87215521599848     
 -0.19333333333333075        1076.4224011697618        296.05701911975621     
 -0.18666666666666409        994.79155811392843        334.19769371491287     
 -0.17999999999999744        720.25901143808119        256.08743635843268     
 -0.17333333333333079        715.85759289121006        292.20094724795024     
 -0.16666666666666413        1349.7801011671518        441.01845401237694     
 -0.15999999999999748        1148.1421728116361        369.22687417279445     
 -0.15333333333333082        1261.5463392425490        404.86450685041063     
 -0.14666666666666417        635.85707557130979        255.10365174135100     
 -0.13999999999999752        758.89912829150921        333.64833012235835     
 -0.13333333333333086        1488.9120951158729        489.29260437291504     
 -0.12666666666666421        1548.7721313844158        448.33807174126417     
 -0.11999999999999754        1553.8061592962022        452.80323431930839     
 -0.11333333333333087        1263.3246171066710        402.07594102593805     
 -0.10666666666666420        717.30039713811186        212.95959004702772     
  -9.9999999999997535E-002   1613.4240639202419        472.76993172175321     
  -9.3333333333330867E-002   562.64569027883022        185.40059446743606     
  -8.6666666666664199E-002   1284.6003739344453        427.83511461503593     
  -7.9999999999997531E-002   1430.4573043208354        495.58217958677392     
  -7.3333333333330863E-002   1089.3369705358753        363.73938190663756     
  -6.6666666666664195E-002   1240.0891618835119        369.72123374436336     
  -5.9999999999997528E-002   379.98465917947595        116.77674193267737     
  -5.3333333333330860E-002   924.68330338139140        247.50117655750813     
  -4.6666666666664192E-002   1184.5288672122790        334.85634345965826     
  -3.9999999999997524E-002   1066.1281783340949        366.81477965481446     
  -3.3333333333330856E-002   868.54137502778701        320.67844773291006     
  -2.6666666666664188E-002   1650.1565136350398        471.91732351540378     
  -1.9999999999997520E-002   1215.7378149257243        369.89541013108237     
  -1.3333333333330852E-002   861.94830325653038        352.15619984151624     
  -6.6666666666641847E-003   836.39040438926179        243.19688712357814     
   2.4823892941228110E-015   792.64027673987061        298.51816250504720     
   6.6666666666691495E-003   1693.0067675697737        488.06640608080795     
   1.3333333333335817E-002   1624.6951982607686        530.79023236559294     
   2.0000000000002485E-002   895.29253549111002        346.78419308771618     
   2.6666666666669153E-002   901.01697296002578        318.38621057753903     
   3.3333333333335817E-002   799.40203590104159        387.82509928585284     
   4.0000000000002485E-002   1167.0387057904231        345.91065102042410     
   4.6666666666669153E-002   970.84440836751901        236.47220409277011     
   5.3333333333335821E-002   765.18427840112133        209.67024045261988     
   6.0000000000002489E-002   1142.1906074777608        329.57855962410787     
   6.6666666666669150E-002   1247.4725254894770        347.95850708009635     
   7.3333333333335818E-002   1372.9544317403197        486.77658180802962     
   8.0000000000002486E-002   2524.5724661706645        649.19996474536788     
   8.6666666666669154E-002   1263.4230319376750        457.95497414163799     
   9.3333333333335822E-002   918.72480998402591        258.61050399185586     
  0.10000000000000249        961.73492056947271        325.92190227179356     
  0.10666666666666916        1206.4846094620084        401.27377893993230     
  0.11333333333333583        1511.9041892321486        444.99818321615606     
  0.12000000000000249        840.17008986110864        223.76447194977089     
  0.12666666666666915        1096.3012142083178        336.93607019304608     
  0.13333333333333580        1324.2454829365295        429.10163468802966     
  0.14000000000000246        594.98634330129801        161.54478102474360     
  0.14666666666666911        1289.4966566577909        438.79251273617905     
  0.15333333333333576        1868.1861080032984        532.31481481776632     
  0.16000000000000242        1316.2006189606691        391.69443753734163     
  0.16666666666666907        1095.8661218950333        320.74587595803411     
  0.17333333333333573        1134.7825450149480        384.15601126370541     
  0.18000000000000238        788.93209683544865        269.08782429894489     
  0.18666666666666903        859.99337958508409        257.36095360849902     
  0.19333333333333569        1304.7835830595338        429.57480930798522     
  0.20000000000000234        1827.7575601003839        504.91839493892815     
  0.20666666666666900        1092.0937384776303        417.32739380119722     
  0.21333333333333565        972.69379351780105        333.04328107073633     
  0.22000000000000230        620.08890680966397        185.35315774218591     
  0.22666666666666896        936.36025368142975        308.19330943582605     
  0.23333333333333561        1451.7394922533949        416.60709675907754     
  0.24000000000000227        1502.1863556805972        445.34406343413661     
  0.24666666666666892        1043.7670953039838        280.20747847744445     
  0.25333333333333558        1316.2407637462636        422.84605580707711     
  0.26000000000000223        1129.6420144254409        309.45639239931438     
  0.26666666666666888        2043.3930663312237        616.55733888391160     
  0.27333333333333554        1130.7480668190435        358.53100034213907     
  0.28000000000000219        1306.5010854324371        358.29597863348988     
  0.28666666666666885        1151.7959490079022        389.97884115992241     
  0.29333333333333550        2056.7161696949174        541.32037374766969     
  0.30000000000000215        1107.9147050001220        397.25905891494358     
  0.30666666666666881        1790.4552198157078        506.65685219537932     
  0.31333333333333546        447.02128083903676        142.31331369375886     
  0.32000000000000212        1136.7777277860812        374.69388800929363     
  0.32666666666666877        1424.7160184383310        468.53003586736685     
  0.33333333333333542        1525.5125193306881        392.78494869921343     
  0.34000000000000208        1262.4932897696456        374.42884161976491     
  0.34666666666666873        1282.3649833261989        392.18724084155264     
  0.35333333333333539        969.89753192833268        273.09361527153811     
  0.36000000000000204        1413.0929599294643        358.98282854277602     
  0.36666666666666869        2204.4510113770361        575.95704504453795     
  0.37333333333333535        1990.1290292040073        525.43920523987208     
  0.38000000000000200        1390.8747188233856        413.65654803410888     
  0.38666666666666866        634.79034236522239        231.91996990268515     
  0.39333333333333531        1446.2949089746094        403.24655079636716     
  0.40000000000000197        1246.9837847232716        345.59314631959228     
  0.40666666666666862        1920.0580330784521        491.24066456338426     
  0.41333333333333527        1642.9420008147483        447.37116047423564     
  0.42000000000000193        723.25211648963466        262.31327029028790     
  0.42666666666666858        1558.8898259681935        343.37229289745733     
  0.43333333333333524        1624.0956485144454        446.08436929121240     
  0.44000000000000189        1549.0639709318182        367.20508974722753     
  0.44666666666666854        1841.1946061092947        502.92099094952670     
  0.45333333333333520        1694.7609484943391        417.56592530830198     
  0.46000000000000185        1443.9713701979201        367.61994293950534     
  0.46666666666666851        1572.1563129455340        447.33342426841438     
  0.47333333333333516        1147.5274147821835        304.90566533770931     
  0.48000000000000181        1222.0515627476193        391.88173012247216     
  0.48666666666666847        1360.7161219642087        424.95518193340331     
  0.49333333333333512        2010.5684193723191        515.98665444529638     
  0.50000000000000178        1555.5604967753452        378.08096845371176     
  0.50666666666666849        923.66584658014324        289.29276545090784     
  0.51333333333333520        2096.7812699632482        547.22532657083991     
  0.52000000000000191        1184.1827623241836        304.54945860206897     
  0.52666666666666861        1594.5413465177664        445.14938029810202     
  0.53333333333333532        1149.4868295043864        324.08032431437266     
  0.54000000000000203        1056.4946917061934        342.26546637843063     
  0.54666666666666874        1548.6920723993446        434.08321888129160     
  0.55333333333333545        1852.3580397772328        536.74759689459597     
  0.56000000000000216        1166.5684463701778        347.14999129246706     
  0.56666666666666887        2160.6252912577079        519.82041793157498     
  0.57333333333333558        2571.4069629100200        1131.1015215353918     
  0.58000000000000229        1432.3409005022202        315.54132299740434     
  0.58666666666666900        1835.0118950874742        416.41476950893872     
  0.59333333333333571        1220.5413309477233        349.43610553097994     
  0.60000000000000242        1210.4271867449174        324.62349476706476     
  0.60666666666666913        1751.1183711237020        495.47043149502917     
  0.61333333333333584        791.34359247256123        222.84835683939613     
  0.62000000000000255        1304.1130215096932        320.50224359917394     
  0.62666666666666926        1874.1629491796286        412.16565776105648     
  0.63333333333333597        1796.2560328299292        421.54388302235134     
  0.64000000000000268        1579.6183109745978        353.18672055226028     
  0.64666666666666939        1443.4637478214531        341.67443225133070     
  0.65333333333333610        1529.1698617521329        417.71845431943530     
  0.66000000000000281        2129.6993394143669        476.69640261231274     
  0.66666666666666952        1497.1268031942427        378.91037672598833     
  0.67333333333333623        1379.4882605491346        337.70541962940422     
  0.68000000000000294        1259.9505753759693        343.92427545460492     
  0.68666666666666965        967.44755771270161        211.34328641459774     
  0.69333333333333635        1210.7157793760575        367.72069951180242     
  0.70000000000000306        1290.2757935817522        279.90023990586133     
  0.70666666666666977        1381.5627242939270        345.30047677836211     
  0.71333333333333648        1596.6824403141243        326.26920823120219     
  0.72000000000000319        1431.8885064354006        359.99614051833538     
  0.72666666666666990        1615.8362533417571        358.81098807245786     
  0.73333333333333661        1405.8206178909627        349.65249890150477     
  0.74000000000000332        1318.2613809094339        321.92542120542890     
  0.74666666666667003        1037.8876707887725        265.77765119715247     
  0.75333333333333674        1432.5321654536192        390.43742371464606     
  0.76000000000000345        1157.5699512225692        304.65594125086005     
  0.76666666666667016        1453.6973057298153        314.23851434963007     
  0.77333333333333687        1405.6861586183111        374.28496414325093     
  0.78000000000000358        744.04144226044605        223.81196442779256     
  0.78666666666667029        1478.9999595902129        311.97427966478904     
  0.79333333333333700        1644.1033823993230        357.11719003301965     
  0.80000000000000371        1779.5192385749162        392.32239904675328     
  0.80666666666667042        1537.9844911968523        334.17373808489191     
  0.81333333333333713        2329.2324421951130        577.24859609874693     
  0.82000000000000384        925.02391239443261        252.10535238349487     
  0.82666666666667055        1382.8033258254727        285.62055550494176     
  0.83333333333333726        1020.9134783350623        290.60426265565701     
  0.84000000000000397        1226.3944648787929        265.62660520121096     
  0.84666666666667068        1146.9576896678468        241.33280177332938     
  0.85333333333333738        1240.6137744402213        303.53761118657053     
  0.86000000000000409        1678.8422632285249        374.55823904915235     
  0.86666666666667080        2011.5458729554625        401.11678965649276     
  0.87333333333333751        1241.6684723118285        271.92867941249176     
  0.88000000000000422        1565.2954729947148        323.05810150656316     
  0.88666666666667093        1032.3811843722565        264.46941203286252     
  0.89333333333333764        1221.1113687787981        282.52940779986699     
  0.90000000000000435        1677.8535391687478        343.57160543933901     
  0.90666666666667106        2369.9716953846500        666.15634804042838     
  0.91333333333333777        1030.0514856771708        266.73118619920564     
  0.92000000000000448        1169.6036387516058        301.27043728426514     
  0.92666666666667119        1068.6514721549938        226.75522193775927     
  0.93333333333333790        1227.2068806606510        280.47970365910737     
  0.94000000000000461        1067.9646342507165        233.15866862858991     
  0.94666666666667132        1762.1931613802665        368.25801753137341     
  0.95333333333333803        1297.7207916917857        304.17500873780511     
  0.96000000000000474        1281.0214189925584        262.70366856226514     
  0.96666666666667145        1445.6001816185546        289.43545368235527     
  0.97333333333333816        1755.0743430779899        390.86267602504040     
  0.98000000000000487        1137.5794706127917        278.54155988270526     
  0.98666666666667158        1588.6262229318281        334.82930683070839     
  0.99333333333333829        886.37545791309935        243.96734594521601     
