  0.21131675000000000        2240.8350848342111        1212.0358669896548     
  0.21134902750000001        1422.2598889731405        976.66127169853371     
  0.21138130500000002        0.0000000000000000        0.0000000000000000     
  0.21141358250000003        3450.8288259655137        2138.0061352219245     
  0.21144586000000004        8191.5925764823814        6608.4496318065312     
  0.21147813750000005        2247.3898380034420        1206.6244634502266     
  0.21151041500000006        4096.8931515613140        3192.9628215272469     
  0.21154269250000007        24495.366892811264        23671.397923973367     
  0.21157497000000008        485.41600650530688        485.37795107766772     
  0.21160724750000010        3883.8460350527703        2560.1621624900558     
  0.21163952500000011        5495.9559320155331        4327.3326527382478     
  0.21167180250000012        4562.6723035035038        2736.6518555681287     
  0.21170408000000013        26883.219790964260        18617.864583782532     
  0.21173635750000014        59748.886422258147        50291.067322876719     
  0.21176863500000015        9323.1253759600404        7496.9548497641490     
  0.21180091250000016        9611.9478515148021        8853.4970501872303     
  0.21183319000000017        734.47321988269084        505.28365803757907     
  0.21186546750000018        3218.0651824981769        2760.3766849252024     
  0.21189774500000019        2321.5223420505399        1684.1128974086371     
  0.21193002250000020        146.39444094159907        133.61789140185337     
  0.21196230000000021        4303.3364849136951        2592.3790712331247     
  0.21199457750000023        9868.3944691526085        5171.5564879052417     
  0.21202685500000024        5827.3301348023151        3696.4184179752765     
  0.21205913250000025        8321.7729685811955        6507.0490255207205     
  0.21209141000000026        20637.815517992560        20185.108488356971     
  0.21212368750000027        40716.615541384723        35454.528606755528     
  0.21215596500000028        49103.056350712031        49078.344697235938     
  0.21218824250000029        5149.5861198440507        3839.5055264348825     
  0.21222052000000030        6347.3598348141395        4948.4975908946844     
  0.21225279750000031        494.15450131836798        477.97622593097975     
  0.21228507500000032        3825.9113981784335        2823.9288196364405     
  0.21231735250000033        8028.8894985980132        4144.0372688310699     
  0.21234963000000034        25162.640278900355        17773.686931466724     
  0.21238190750000036        680.45677706047184        650.90530836478547     
  0.21241418500000037        1309.8127968472904        980.57485851799959     
  0.21244646250000038        885.87842848030664        490.56910064532428     
  0.21247874000000039        59357.685071862354        33826.752700546924     
  0.21251101750000040        7968.4454898403383        7415.3743147946880     
  0.21254329500000041        8986.9629819466518        5296.9755759151540     
  0.21257557250000042        11328.779999833261        8135.4545795255535     
  0.21260785000000043        32285.002349075396        26876.948691641501     
  0.21264012750000044        46687.312038588469        37152.294174483795     
  0.21267240500000045        15.861193024195108        15.859786827727591     
  0.21270468250000046        9198.6551405344690        5972.6153166174363     
  0.21273696000000047        7342.0085997236520        5035.6208121289210     
  0.21276923750000049        71490.512236687806        45955.527514285241     
  0.21280151500000050        34013.745371572644        17119.350627826847     
  0.21283379250000051        5038.9046942125588        4698.8736277509415     
  0.21286607000000052        958.50072458600346        748.55834048214160     
  0.21289834750000053        30841.067480975758        17239.326488819232     
  0.21293062500000054        5438.2506218931439        3875.4030808908392     
  0.21296290250000055        19192.116040292760        10967.117487742909     
  0.21299518000000056        39949.254440462348        24468.728951643490     
  0.21302745750000057        27703.474087410203        20111.335146149908     
  0.21305973500000058        7262.7226423623733        4158.9411655336708     
  0.21309201250000059        1489.6054830805331        1489.4726427107964     
  0.21312429000000060        4453.6943309250191        4085.2434277801422     
  0.21315656750000062        2544.9983314308197        1280.2230436459336     
  0.21318884500000063        27043.200393559175        20021.226933438418     
  0.21322112250000064        10127.630396055871        6418.5044457743170     
  0.21325340000000065        53139.346701270566        39015.220856806358     
  0.21328567750000066        14270.276646421771        10236.690661439265     
  0.21331795500000067        16914.521082871495        7296.6919627664611     
  0.21335023250000068        56964.295006272900        36902.794953003897     
  0.21338251000000069        6429.1768887136477        5100.7150364000463     
  0.21341478750000070        2742.9021778430943        1474.0784080513563     
  0.21344706500000071        61719.653628200758        42455.718224346187     
  0.21347934250000072        13129.892276445866        11049.923016310649     
  0.21351162000000073        64.938117170226079        64.934289061803497     
  0.21354389750000075        60636.577187778763        40924.989880068140     
  0.21357617500000076        27112.473494800259        23961.835340160385     
  0.21360845250000077        34346.729349775771        31400.004809694823     
  0.21364073000000078        23451.873325523153        18524.618418794038     
  0.21367300750000079        15058.638307045287        10286.274407483354     
  0.21370528500000080        45057.486854146533        23986.902494806836     
  0.21373756250000081        2969.0994616613498        1664.8387965742907     
  0.21376984000000082        45918.410467540270        29794.841218419340     
  0.21380211750000083        4189.1262573846707        3080.8634805095917     
  0.21383439500000084        38150.605370644837        23743.805609452862     
  0.21386667250000085        20975.839288868461        18457.190518118459     
  0.21389895000000086        6765.3971118650607        5695.0757135242038     
  0.21393122750000088        10697.236000320048        5782.1942295860208     
  0.21396350500000089        33168.509073785382        20104.267813947692     
  0.21399578250000090        34364.853403837114        30175.430196681136     
  0.21402806000000091        24166.420161919134        12374.612654279745     
  0.21406033750000092        611.84301561595066        611.65166517636374     
  0.21409261500000093        9980.0315347530850        4567.3270147205203     
  0.21412489250000094        39920.304083128416        21051.877354359422     
  0.21415717000000095        22544.121728749731        14521.556747651248     
  0.21418944750000096        19189.774976672270        13422.249546370855     
  0.21422172500000097        59417.716258572509        37119.410799965124     
  0.21425400250000098        54650.058206043024        31625.341380069207     
  0.21428628000000099        14702.599160841701        10218.187685023144     
  0.21431855750000101        4620.2561590220485        2981.5630034600940     
  0.21435083500000102        6257.5296131369223        4361.6549305510571     
  0.21438311250000103        31505.993573193453        17386.873506733158     
  0.21441539000000104        6100.7812775872517        5150.2189232238607     
  0.21444766750000105        1877.2958696911874        1537.4587607141282     
  0.21447994500000106        4103.5140673908927        1947.3248466827740     
  0.21451222250000107        10618.134045159963        6678.1809231250008     
  0.21454450000000108        7000.3380055103062        3646.1131196830470     
  0.21457677750000109        10470.615886724197        7021.3812931948087     
  0.21460905500000110        8087.8188370850121        5980.6301794632382     
  0.21464133250000111        74013.103735701254        46205.065053878010     
  0.21467361000000112        47646.830209986714        28711.432895116384     
  0.21470588750000114        73155.261526462127        40455.623924179519     
  0.21473816500000115        12346.633312338374        8521.3941053099752     
  0.21477044250000116        61555.497636248270        35140.516885520541     
  0.21480272000000117        41937.136377065974        33518.969968738937     
  0.21483499750000118        104316.00157376629        54340.372318814116     
  0.21486727500000119        39961.643456185084        20659.019073850966     
  0.21489955250000120        30286.232163147986        16947.372407165094     
  0.21493183000000121        24564.937743353265        15970.917293250399     
  0.21496410750000122        5913.1458412504908        3793.9818097053826     
  0.21499638500000123        15577.210868982629        12280.328273155274     
  0.21502866250000124        10288.690925333354        5345.3003584672670     
  0.21506094000000125        52899.695203621959        32497.074355926070     
  0.21509321750000127        76422.241790836939        41667.736694940701     
  0.21512549500000128        15028.116651990058        11918.523499562003     
  0.21515777250000129        7696.8956232140972        4747.8309223424903     
  0.21519005000000130        59967.570894845107        39563.491694544478     
  0.21522232750000131        27143.413816290289        22280.239094227931     
  0.21525460500000132        25768.581636905707        14066.938706179244     
  0.21528688250000133        39378.617902162303        21751.711644499905     
  0.21531916000000134        30797.516193916126        25467.527526653328     
  0.21535143750000135        9263.2662722013793        5989.4413954180727     
  0.21538371500000136        2294.2322866507334        2108.8912809584799     
  0.21541599250000137        38080.261784859416        26048.820117601248     
  0.21544827000000139        46400.371577430647        33860.912312862500     
  0.21548054750000140        13737.783066907572        7224.6786127876521     
  0.21551282500000141        43946.276899577577        26989.976019263853     
  0.21554510250000142        12526.010049911569        8646.1380534068467     
  0.21557738000000143        46687.798468398032        31792.919010466940     
  0.21560965750000144        14849.031972728351        6805.3675826176295     
  0.21564193500000145        25238.998659458863        13204.255658163826     
  0.21567421250000146        92875.852142254444        53133.564109033730     
  0.21570649000000147        56349.585037342127        30622.931554344388     
  0.21573876750000148        64400.301140874930        39737.578328741227     
  0.21577104500000149        57505.236440095025        41501.423795053961     
  0.21580332250000150        92042.229586990739        39910.612063253124     
  0.21583560000000152        26805.633913418016        20244.596065191170     
  0.21586787750000153        11722.708286604873        8059.4813476569616     
  0.21590015500000154        114155.30172819800        46333.169342993104     
  0.21593243250000155        56190.041197480867        37391.447672041279     
  0.21596471000000156        31184.508846318429        13987.609806256432     
  0.21599698750000157        25655.590243662242        12388.147488835390     
  0.21602926500000158        23762.348675811725        15381.040480390400     
  0.21606154250000159        58921.228902152143        25911.116298931865     
  0.21609382000000160        85607.766737332218        48772.504240664523     
  0.21612609750000161        17333.556390507572        9251.9859230357324     
  0.21615837500000162        36975.693397523719        26896.567109115607     
  0.21619065250000163        43933.007895385730        24082.778593480205     
  0.21622293000000165        20792.780166621735        10380.868540596079     
  0.21625520750000166        56977.205735164120        25983.740460102086     
  0.21628748500000167        101987.77386823882        63019.296496407071     
  0.21631976250000168        25670.581019894213        9955.9070546703442     
  0.21635204000000169        681.90975599721799        603.00274051262693     
  0.21638431750000170        20461.567957143343        7387.0172667909592     
  0.21641659500000171        13363.064966276554        8310.1608108530345     
  0.21644887250000172        15841.933171473163        8135.9905211002433     
  0.21648115000000173        67997.439121745716        35134.795398816721     
  0.21651342750000174        75100.042228893319        41484.764561509706     
  0.21654570500000175        35803.139285020137        22614.001942729876     
  0.21657798250000176        106032.58198899995        58540.617271542098     
  0.21661026000000178        91908.510220299446        50618.996745643650     
  0.21664253750000179        27290.777573022206        15471.505997563045     
  0.21667481500000180        110950.42601888072        49428.936464175473     
  0.21670709250000181        23115.333540351683        13806.551153107175     
  0.21673937000000182        57925.619623731756        34347.799641911974     
  0.21677164750000183        40372.108905343288        30396.342082534149     
  0.21680392500000184        38211.583588542278        23922.661394000308     
  0.21683620250000185        106513.62364063629        49102.945573259276     
  0.21686848000000186        49040.770273032875        19827.336804735583     
  0.21690075750000187        44159.060310838715        19344.860293071019     
  0.21693303500000188        50308.881363130982        32674.228134218709     
  0.21696531250000189        66442.062046383595        29906.303258152970     
  0.21699759000000191        116298.50890359365        55817.667530731502     
  0.21702986750000192        90650.433278565644        54575.710946772342     
  0.21706214500000193        107933.17642073499        57456.246073047587     
  0.21709442250000194        77898.616904976181        49478.038162025478     
  0.21712670000000195        37351.359765900954        25114.713170856983     
  0.21715897750000196        36737.577842782965        16013.465716729532     
  0.21719125500000197        37864.810067537604        16193.855896630377     
  0.21722353250000198        59286.770336845140        27783.740305374729     
  0.21725581000000199        69445.153441499686        31153.593350147035     
  0.21728808750000200        90840.367230278585        55464.535873472247     
  0.21732036500000201        79567.269524467803        41890.475383338009     
  0.21735264250000202        40217.294451569949        26876.962163699391     
  0.21738492000000204        43596.941893001502        15376.499130823859     
  0.21741719750000205        45584.080021660637        26933.732968666209     
  0.21744947500000206        60061.093941926090        41866.381678359954     
  0.21748175250000207        119917.97994058862        47258.576873971098     
  0.21751403000000208        96948.311412534997        46928.639410875847     
  0.21754630750000209        38400.915746618557        29708.280873624986     
  0.21757858500000210        105139.41227648527        43298.538367657980     
  0.21761086250000211        24047.715242589999        14979.095098950380     
  0.21764314000000212        101115.04762312271        45332.445293654251     
  0.21767541750000213        67481.814316860648        26658.175217883414     
  0.21770769500000214        87985.537267919834        42571.783872291744     
  0.21773997250000215        55823.278380417207        32614.099703049986     
  0.21777225000000217        78543.317416474441        41304.792169962348     
  0.21780452750000218        90796.311093506709        42844.069436831291     
  0.21783680500000219        133815.09682179111        61901.647318633310     
  0.21786908250000220        51226.784294180696        24085.546726740144     
  0.21790136000000221        26049.097383617842        13420.085524262799     
  0.21793363750000222        87079.428084674772        43330.614992802752     
  0.21796591500000223        139366.49927467376        60386.257253446005     
  0.21799819250000224        58936.312568265028        40731.767087513268     
  0.21803047000000225        70578.321789445487        31604.294696274421     
  0.21806274750000226        57491.903621767728        30074.379342954755     
  0.21809502500000227        95093.944507769324        35130.135462198101     
  0.21812730250000228        153570.35368537391        67036.796786099425     
  0.21815958000000230        52315.990699299859        21749.917825144963     
  0.21819185750000231        129136.52443816219        44501.599196780408     
  0.21822413500000232        32382.371078569286        13399.578737059344     
  0.21825641250000233        37546.165089263523        17056.023729520355     
  0.21828869000000234        83574.082273279026        41797.224940671811     
  0.21832096750000235        51317.818256293671        28218.465632995663     
  0.21835324500000236        74927.599847201651        28140.100030833408     
  0.21838552250000237        51293.296192660840        30212.709854599892     
  0.21841780000000238        96472.017785764750        41124.270183726665     
  0.21845007750000239        148068.38199577067        57486.894463236393     
  0.21848235500000240        70326.768779425911        29226.397597840834     
  0.21851463250000241        108691.85110946416        36475.393303119425     
  0.21854691000000243        75949.273607051146        37739.261402808414     
  0.21857918750000244        36511.598133827298        17258.807920566283     
  0.21861146500000245        110487.92222416418        46054.817917316112     
  0.21864374250000246        106250.75404487477        46435.135657455765     
  0.21867602000000247        59922.624241105324        32148.193179298207     
  0.21870829750000248        95755.746326125824        45109.850896553136     
  0.21874057500000249        140488.99832397461        61516.555141812874     
  0.21877285250000250        85539.601614917468        40947.347018887456     
  0.21880513000000251        249705.40627378636        92797.159023775210     
  0.21883740750000252        48643.648288367105        17037.576261392907     
  0.21886968500000253        99509.185697696565        38271.002837568885     
  0.21890196250000254        99088.581768641277        34499.185838691170     
  0.21893424000000256        66198.401207677205        30050.947878996940     
  0.21896651750000257        85584.493124435205        34660.939514520585     
  0.21899879500000258        150186.79075987951        66673.306436431187     
  0.21903107250000259        92870.706248963223        35727.541071176049     
  0.21906335000000260        169127.88954948651        51681.461653977603     
  0.21909562750000261        205493.31767862302        81124.312705149423     
  0.21912790500000262        194895.85548584993        63486.889618303016     
  0.21916018250000263        140980.89665876643        39228.380530806317     
  0.21919246000000264        136462.94717003132        58592.417260682814     
  0.21922473750000265        114856.87240344186        34707.671827783102     
  0.21925701500000266        46413.427893792301        25949.321480096936     
  0.21928929250000267        149155.04663156293        59058.368868093414     
  0.21932157000000269        100278.78298026348        42734.868840456787     
  0.21935384750000270        88101.430917724021        32688.058488313731     
  0.21938612500000271        212750.64499308466        64562.950544853680     
  0.21941840250000272        214021.85305653652        65250.158789421221     
  0.21945068000000273        117809.31641741031        41929.133696270372     
  0.21948295750000274        81844.417615289742        29071.237580642435     
  0.21951523500000275        111099.51730529459        46404.197091469803     
  0.21954751250000276        212922.22895152299        59997.299381801640     
  0.21957979000000277        267906.71663071739        72145.025490399348     
  0.21961206750000278        230825.23157776822        60202.816321241851     
  0.21964434500000279        174121.28626498234        61092.469345057347     
  0.21967662250000280        210567.51305024224        63325.708458100366     
  0.21970890000000282        297771.25178312400        82207.442122976092     
  0.21974117750000283        187712.65683996669        57838.109437903469     
  0.21977345500000284        188338.93195359228        55170.833471785962     
  0.21980573250000285        231925.72480556689        64286.064161068367     
  0.21983801000000286        122878.62608115199        49409.425554681278     
  0.21987028750000287        244759.40277828707        66085.688330606921     
  0.21990256500000288        378034.75450685539        87929.662854931201     
  0.21993484250000289        163142.83960499510        55160.175982690896     
  0.21996712000000290        192997.42061067809        55032.367839264116     
  0.21999939750000291        234582.18788048901        66519.967868582637     
  0.22003167500000292        206668.21781521122        51576.733774353517     
  0.22006395250000294        254446.38869934919        64334.122111213765     
  0.22009623000000295        361835.02500977757        86049.740109721766     
  0.22012850750000296        248623.51292587337        64595.242611804446     
  0.22016078500000297        426345.00613239303        100885.92736814471     
  0.22019306250000298        226429.54115890717        47831.263343418497     
  0.22022534000000299        450585.07561993558        97609.644393580849     
  0.22025761750000300        415405.97228821134        101921.31578838323     
  0.22028989500000301        568472.27177085832        106984.83774967885     
  0.22032217250000302        408378.85298715305        83569.300775482188     
  0.22035445000000303        381315.93810183345        92016.709476841323     
  0.22038672750000304        480761.69348128064        99795.861474127931     
  0.22041900500000305        463151.96307909297        96681.843819817965     
  0.22045128250000307        515695.47036509379        98808.164428323420     
  0.22048356000000308        451256.57813459187        81190.481569914220     
  0.22051583750000309        577095.86971323413        115516.56862841427     
  0.22054811500000310        818864.84725934884        137780.96140847777     
  0.22058039250000311        659355.89096150105        120201.20191177393     
  0.22061267000000312        770896.19604205841        111912.82849328626     
  0.22064494750000313        676918.99401226593        112769.75749361282     
  0.22067722500000314        865689.02793225460        133940.11814860802     
  0.22070950250000315        682500.83519903594        117843.41138788179     
  0.22074178000000316        1020446.4816260001        140827.53459525463     
  0.22077405750000317        1107210.9162114668        144974.42542395249     
  0.22080633500000318        1428655.9730212253        172092.46829997608     
  0.22083861250000320        1753690.3004225055        193202.07108721358     
  0.22087089000000321        1833922.8292497986        182011.54380512578     
  0.22090316750000322        2925362.7180847875        230429.46002564571     
  0.22093544500000323        4110645.5115213376        273964.12469514931     
  0.22096772250000324        36866349.100863703        903788.36633011152     
