  0.10000000000000001        0.0000000000000000        0.0000000000000000     
  0.69933333333333336        1.0767954613057702       0.64698937009006008     
   1.2986666666666666        0.0000000000000000        0.0000000000000000     
   1.8980000000000001       0.88811404424071161       0.70783242696224236     
   2.4973333333333336        16.769843647668075        16.756878942484942     
   3.0966666666666671        1.2008762173441674        1.0651928920668319     
   3.6960000000000006        1.7738913936968057        1.1868329404801090     
   4.2953333333333337       0.13255581539278469        9.5498711461954738E-002
   4.8946666666666667        2.0123102788643776        1.3448145809760219     
   5.4939999999999998        2.1455955079174420        1.8403370476995424     
   6.0933333333333328        1.4648178056375918       0.85351875129107513     
   6.6926666666666659        3.3731622883360846        1.3482842628482101     
   7.2919999999999989        5.4334759330241154        2.3724602155277910     
   7.8913333333333320        4.5500129936498395        1.7813464148849774     
   8.4906666666666659        4.8564039412812461        2.2534446668953150     
   9.0899999999999999        2.1837997057368934       0.92879514604067592     
   9.6893333333333338        2.8426107434653476        1.0169637616448803     
   10.288666666666668        7.1939545054689624        2.5370421882563967     
   10.888000000000002        3.1957725770002261        1.9769823712768237     
   11.487333333333336        8.9484835564498919        3.0804135752816495     
   12.086666666666670        7.4280826466963115        2.8448663990076137     
   12.686000000000003        3.8081277014857893        1.4581568382054169     
   13.285333333333337        8.4496763679577427        2.3855681005662879     
   13.884666666666671        6.1060454660997694        1.9457647282293422     
   14.484000000000005        3.3623275569219104        1.5403426252351424     
   15.083333333333339        6.2850422037927354        2.2778236238846090     
   15.682666666666673        7.4187251287954998        1.9466457352316830     
   16.282000000000007        3.6498297724645483        1.6728696369653626     
   16.881333333333341        7.2403003569886826        2.4975473001875361     
   17.480666666666675        10.760533443723334        2.8419724616066988     
   18.080000000000009        11.848703388890664        3.3816733472648974     
   18.679333333333343        6.7666719679667535        2.1081425442652990     
   19.278666666666677        6.3037926847825210        1.9129664202175212     
   19.878000000000011        7.8426656950899307        2.5977568244759217     
   20.477333333333345        7.6756503715022282        2.1592158760019484     
   21.076666666666679        6.5290848352363442        1.7908667129863174     
   21.676000000000013        5.7074724663921934        1.8126670470577462     
   22.275333333333347        7.8648538234045242        2.5075471214426210     
   22.874666666666680        7.6538838178431723        2.3912559765470101     
   23.474000000000014        11.008932886484832        3.3823719407559376     
   24.073333333333348        13.998100663062235        5.0914814705191720     
   24.672666666666682        16.244823344623299        5.4313180490451973     
   25.272000000000016        12.407767062592292        3.3336033023607792     
   25.871333333333350        9.0923836496340016        2.5848575420012594     
   26.470666666666684        9.9406818624792397        2.6176292457165076     
   27.070000000000018        11.063751515330967        3.1043287327754818     
   27.669333333333352        12.152215914046355        2.9462669772928254     
   28.268666666666686        8.4611754842252402        2.3297041207323548     
   28.868000000000020        13.761105939620036        3.2812671601973582     
   29.467333333333354        17.639922567146812        3.8566436129983455     
   30.066666666666688        13.787553584378873        3.5304362228848190     
   30.666000000000022        13.435203666010178        3.5903602263212884     
   31.265333333333356        8.9214274330660785        2.0970327430855971     
   31.864666666666690        14.461328639385357        3.1893833688907023     
   32.464000000000020        7.4487862138052012        2.0327039611125413     
   33.063333333333354        11.880997546129404        3.3980511349911864     
   33.662666666666688        12.652502685197732        2.8426710644876518     
   34.262000000000022        8.1786050041657496        2.0717865577569179     
   34.861333333333356        17.757645334933979        4.1882748937076535     
   35.460666666666690        23.184176945251856        6.0461692840611798     
   36.060000000000024        21.556635942729926        4.8327293866240408     
   36.659333333333358        14.097314467134458        3.3105915929284420     
   37.258666666666691        17.198360659218672        3.7446993160599424     
   37.858000000000025        13.195395723732400        3.3152891665012971     
   38.457333333333359        9.8299933463164475        2.8508417932299910     
   39.056666666666693        15.053013992369277        3.8075331141411395     
   39.656000000000027        16.473149796713386        3.8117585423466558     
   40.255333333333361        14.403355321608172        3.9738714150476935     
   40.854666666666695        13.585165783698038        3.5653410395924485     
   41.454000000000029        13.946205777954193        3.4311345736520464     
   42.053333333333363        17.338704483860074        4.0785994872028724     
   42.652666666666697        20.304242061599950        4.2932613458158997     
   43.252000000000031        12.431630242739601        3.3791432234693528     
   43.851333333333365        20.403998186910915        4.0685470094660143     
   44.450666666666699        18.034931631543778        4.0784257150891747     
   45.050000000000033        16.105699316220608        3.2302158458312573     
   45.649333333333367        14.536571790623428        4.0437653171798988     
   46.248666666666701        13.914938827566083        3.3763047286855130     
   46.848000000000035        14.869559696454553        3.7525404221295515     
   47.447333333333368        16.943752184546558        4.2153449793357689     
   48.046666666666702        29.140800270004739        5.8148139468226852     
   48.646000000000036        17.844784863595887        4.3942042989922552     
   49.245333333333370        20.748061546332568        4.4862925287617879     
   49.844666666666704        23.040197265615113        4.5639145522545066     
   50.444000000000038        20.776392235996497        4.6171347512228156     
   51.043333333333372        22.055054500632398        4.5870815269744600     
   51.642666666666706        12.792497401578482        3.4670326806407616     
   52.242000000000040        18.608841016595310        4.6604640244576307     
   52.841333333333374        17.291796475092795        4.1665716800869372     
   53.440666666666708        21.711390412250513        4.7220660777811529     
   54.040000000000042        20.374042406507993        3.9869979614830648     
   54.639333333333376        40.047583654039748        13.267949742561475     
   55.238666666666710        21.694836731701461        5.0926632108891052     
   55.838000000000044        23.893729760586158        6.3588526276665700     
   56.437333333333378        17.678880075901379        4.7209644516709464     
   57.036666666666711        19.604779598289898        4.7183715361410359     
   57.636000000000045        20.133305071077633        5.1373488559044196     
   58.235333333333379        19.216014201300254        4.4110028586892982     
   58.834666666666713        24.206611869515910        5.7110503887398796     
   59.434000000000047        19.562054428846654        4.3814459257588521     
   60.033333333333381        28.848241679774929        6.7161262670364739     
   60.632666666666715        18.912271866904767        4.7862555978103662     
   61.232000000000049        15.289415722418198        4.0050637857355706     
   61.831333333333383        24.898153733534421        5.5469818063599474     
   62.430666666666717        22.917713401009717        5.1055466997382917     
   63.030000000000051        28.199055906536767        6.1627475055170047     
   63.629333333333385        26.432352736941350        5.6196688858786539     
   64.228666666666712        21.597334832126894        4.4946744909471210     
   64.828000000000046        14.899366211713991        3.8671948905192299     
   65.427333333333380        32.479352339681235        6.7474496153941388     
   66.026666666666713        18.003836156560350        4.6265905174513264     
   66.626000000000047        17.151803967761559        4.3079511139738180     
   67.225333333333381        27.622850591439278        6.4106722414757993     
   67.824666666666715        32.769733385465848        7.1022840935375910     
   68.424000000000049        20.382896887811050        4.4513654007209187     
   69.023333333333383        19.068978260344789        4.7830043475508344     
   69.622666666666717        21.341108371250165        4.9971674635273278     
   70.222000000000051        23.706411691712503        5.8142021520000595     
   70.821333333333385        15.410480530323222        4.6250046726919880     
   71.420666666666719        16.025415845835546        4.5041782432672459     
   72.020000000000053        22.575657280932923        5.8789428671228254     
   72.619333333333387        32.267537380731511        7.1742896215189536     
   73.218666666666721        16.805221785782631        4.1411938524460234     
   73.818000000000055        30.467376428538916        7.7015924477699329     
   74.417333333333389        21.312973306996863        4.6960904883062735     
   75.016666666666723        19.086311493823555        4.7970627793104876     
   75.616000000000057        22.091022552062238        5.3522817858386160     
   76.215333333333390        19.166707003770249        4.9630646066726340     
   76.814666666666724        15.454189876600845        3.9148429527014024     
   77.414000000000058        15.982503458650186        4.9120697486909020     
   78.013333333333392        23.978194578403674        5.7434471350902996     
   78.612666666666726        20.753997388018998        5.3896900348884440     
   79.212000000000060        17.505870378768815        4.8794993860663531     
   79.811333333333394        15.870851087879334        3.9238547477595818     
   80.410666666666728        31.061716238607254        6.9599322976201385     
   81.010000000000062        20.335218651340544        5.5621887743267573     
   81.609333333333396        16.964703638200913        4.6722037943634316     
   82.208666666666730        17.734091654090324        4.3313187688994184     
   82.808000000000064        19.569859136332685        4.7006760603804914     
   83.407333333333398        18.585793660365685        5.2042387693493835     
   84.006666666666732        15.747544707235290        3.9136114286178518     
   84.606000000000066        22.890885224842261        5.9720130262135065     
   85.205333333333400        34.295590114093606        7.9860831441454048     
   85.804666666666733        22.119823166966864        4.9258705189054774     
   86.404000000000067        14.639013687434524        3.2237710850871713     
   87.003333333333401        18.601696793605878        4.1225128304819290     
   87.602666666666735        13.932723365140340        4.8791591363329427     
   88.202000000000069        14.873140199978256        4.5515945415131256     
   88.801333333333403        28.570782925642874        6.5833136166036210     
   89.400666666666737        15.542772778053388        4.4819587364459679     
   90.000000000000071        15.357144215299751        4.2198130829238982     
   90.599333333333405        18.784301581762854        4.8262205399889933     
   91.198666666666739        25.331985319996157        6.1538416907592381     
   91.798000000000073        19.398269385703294        5.0484053171330183     
   92.397333333333407        13.966587139925048        3.3436164518957097     
   92.996666666666741        13.754611095803281        3.3614579164840737     
   93.596000000000075        15.955901719654261        4.4832084394045513     
   94.195333333333409        26.386586870511699        6.8099918510492303     
   94.794666666666743        12.598462364034715        3.6718601729592071     
   95.394000000000077        21.493356736435551        5.5707815444399467     
   95.993333333333410        21.479560811199160        5.3884379912849720     
   96.592666666666744        22.283420579295893        5.4115256434476962     
   97.192000000000078        24.748335214444833        6.4861972570680484     
   97.791333333333412        11.926267055191376        3.9082484610962469     
   98.390666666666746        21.656544658600449        5.6065185471989096     
   98.990000000000080        21.981328255320669        5.8070311806569590     
   99.589333333333414        13.547528852752652        4.1689169734811493     
   100.18866666666675        12.503064169374648        3.5108308030515247     
   100.78800000000008        20.934726244367734        5.0734679169589905     
   101.38733333333342        26.698349550536474        6.5571150012136359     
   101.98666666666675        15.934441732643513        4.3781415342672219     
   102.58600000000008        17.008016530439203        6.9785618766532096     
   103.18533333333342        16.430599057294241        3.6707210923743081     
   103.78466666666675        20.369445487000561        5.1464916561843879     
   104.38400000000009        16.748831348886281        4.3663583008230962     
   104.98333333333342        28.598599451104324        6.5564792420334976     
   105.58266666666675        18.617911359925497        4.6115994287939372     
   106.18200000000009        13.987284126043551        4.5567508882853280     
   106.78133333333342        16.399141092903296        3.4884294849942434     
   107.38066666666676        16.063914846641111        4.6025837632666633     
   107.98000000000009        17.905410670150530        5.0603986401757730     
   108.57933333333342        26.607911164559024        6.0701766411183140     
   109.17866666666676        21.342861376442762        5.5093798136419192     
   109.77800000000009        25.098631311881963        5.7560671480593868     
   110.37733333333343        28.120335576457752        6.1928960858731088     
   110.97666666666676        23.995091614175589        6.3747953947203522     
   111.57600000000009        14.513639713555925        4.0489266521281664     
   112.17533333333343        29.360739008504606        7.0828929872934969     
   112.77466666666676        18.604140529773893        4.2835421416611004     
   113.37400000000009        19.889364986124434        4.3969448012340786     
   113.97333333333343        21.803635675044031        5.6412169401372347     
   114.57266666666676        23.695127826695547        5.6695224904979833     
   115.17200000000010        23.985274150796869        5.8031900830672383     
   115.77133333333343        21.725421957909901        5.0594550630395894     
   116.37066666666676        16.000525427313807        4.0651142277157399     
   116.97000000000010        15.770524893648792        4.3482881256303569     
   117.56933333333343        16.236255685047940        3.3404807799691723     
   118.16866666666677        18.760183037454858        5.3586156777574798     
   118.76800000000010        12.093164517658682        3.1754948235917895     
   119.36733333333343        22.880838698089111        4.9035584478628875     
   119.96666666666677        15.847421968907341        4.4279669257217300     
   120.56600000000010        17.622567258810065        4.5715311177006930     
   121.16533333333344        17.103527074083402        4.5901742924407634     
   121.76466666666677        19.276489917668496        4.8581929080364272     
   122.36400000000010        15.916901182966834        3.7955463660049240     
   122.96333333333344        17.158231884050206        4.7424890519187430     
   123.56266666666677        14.710759671215930        3.6987910001247308     
   124.16200000000011        23.472655683595729        6.6308810842416888     
   124.76133333333344        15.839550045265870        4.2291212020442837     
   125.36066666666677        13.265859502659616        3.7417472603667434     
   125.96000000000011        17.506645721583336        4.5621210602749027     
   126.55933333333344        17.169466115495268        4.3839955769849617     
   127.15866666666678        18.851011314554434        4.4016903964618672     
   127.75800000000011        14.061200244061368        3.8072332175624077     
   128.35733333333343        14.904416746162136        3.3807704739096964     
   128.95666666666676        23.251055469625477        5.2950558462981219     
   129.55600000000010        12.311684893244013        3.4320424138208758     
   130.15533333333343        13.312798611093307        3.3864955689543081     
   130.75466666666676        9.3217199624737006        2.8640728392653294     
   131.35400000000010        8.4576034195545695        2.7118640281511004     
   131.95333333333343        7.9077818124818862        2.6627161819365845     
   132.55266666666677        15.156066283014484        4.0204750984249218     
   133.15200000000010        17.427089890464259        4.5251311930599298     
   133.75133333333343        16.058630411629160        4.4101235267272081     
   134.35066666666677        14.328690137057100        3.8456870914899168     
   134.95000000000010        22.918944991530804        5.3153185442589885     
   135.54933333333344        12.840229340658814        3.5729753288562978     
   136.14866666666677        19.403512743087994        4.7331393914093578     
   136.74800000000010        6.6700001106850664        1.8585925699211441     
   137.34733333333344        16.617410407844996        4.1463985267508168     
   137.94666666666677        7.7427660423940816        2.2369561152343933     
   138.54600000000011        8.3722783525254414        2.5970563710005981     
   139.14533333333344        10.292959293933535        2.8552831892201693     
   139.74466666666677        12.809940907263732        3.4530762710280718     
   140.34400000000011        13.383825973637682        3.2461585922004939     
   140.94333333333344        11.514557650611726        3.2168915253094750     
   141.54266666666678        14.110554776490575        3.7722134251552224     
   142.14200000000011        10.369337213808835        3.1018386207760353     
   142.74133333333344        9.1917726273597911        2.6777053769500117     
   143.34066666666678        8.2467308246308164        2.7867269609194061     
   143.94000000000011        15.334602106299885        4.0908926365662355     
   144.53933333333345        10.242201681573606        3.0617189582687434     
   145.13866666666678        10.014600076899800        3.0031675790387284     
   145.73800000000011        13.146016897280461        3.5564941785485891     
   146.33733333333345        8.4454539213783324        2.7812185777212317     
   146.93666666666678        15.519937857551335        3.5773831609874396     
   147.53600000000012        15.864847516937749        3.9876132318978952     
   148.13533333333345        11.432227982593187        3.2687894681009451     
   148.73466666666678        8.6835199787398967        2.7475950353170129     
   149.33400000000012        11.488286487607917        3.1351848475759638     
   149.93333333333345        4.2965597280724985        1.5577498721095124     
   150.53266666666678        7.0708238486930659        2.3221030311733508     
   151.13200000000012        7.5813854342352212        2.4019818329938714     
   151.73133333333345        18.286266269021944        4.3996851680618878     
   152.33066666666679        14.254387532711730        3.7948264139812062     
   152.93000000000012        8.5573504522599411        2.9306379749780747     
   153.52933333333345        8.5490225965157496        2.3491013470593338     
   154.12866666666679        4.8461341794770032        1.6399965581631599     
   154.72800000000012        10.574130369615366        3.0672216711171352     
   155.32733333333346        7.5882583779346522        2.0255709294053212     
   155.92666666666679        6.3249367014652655        1.7434496750291102     
   156.52600000000012        10.370019427667440        2.9372732761711902     
   157.12533333333346        18.886016375263175        12.467852441585340     
   157.72466666666679        7.6845330683929776        2.3903263299999398     
   158.32400000000013        3.2911930612344946        1.0756053694895591     
   158.92333333333346        9.8422621669167967        3.1202055245395788     
   159.52266666666679        8.7289974004463708        2.5296356507136535     
   160.12200000000013        4.5620114993773813        1.4719944731785215     
   160.72133333333346        5.4242836503160019        1.7615873357429339     
   161.32066666666680        8.8191407440886032        2.5578146988867538     
   161.92000000000013        7.9569760687687490        2.5269487470365077     
   162.51933333333346        7.4060681227598915        2.7759709414476177     
   163.11866666666680        8.8841329106015490        2.7277981133168123     
   163.71800000000013        4.5215408959514889        1.8955302622582291     
   164.31733333333347        3.9284269357777251        1.4461570532175201     
   164.91666666666680        4.1892101359524236        2.0968037839365548     
   165.51600000000013        7.7253571071136600        2.5778841858047175     
   166.11533333333347        4.5062309267395655        2.0400722338242954     
   166.71466666666680        4.4915260692631271        1.6844132554973099     
   167.31400000000014        2.6338727570409204        1.3073995033119725     
   167.91333333333347        2.9071679545339491        1.3713355273167342     
   168.51266666666680        3.1489466107487902        1.4160714476047103     
   169.11200000000014        4.4325804749601820        1.8855784869691783     
   169.71133333333347        3.9552808632282064        1.7797124301755989     
   170.31066666666680        3.1229925883952268        1.7658721308507563     
   170.91000000000014        3.5270255692337753        1.5759545990464434     
   171.50933333333347       0.60014166675914615       0.30200572890604049     
   172.10866666666681        1.4988750762951470       0.70353921369419847     
   172.70800000000014        2.4426097900333081        1.3083162498524918     
   173.30733333333347        2.7668956770561284        1.7687208922410966     
   173.90666666666681        1.7851195238643880       0.80918359543267915     
   174.50600000000014        1.7479592566248854        1.1155136084627753     
   175.10533333333348        7.8443907932041146        7.4606318159233975     
   175.70466666666681       0.76773167780116258       0.55403205643511955     
   176.30400000000014        2.5782592145760628        1.5228850477591991     
   176.90333333333348        2.3571664841557349        1.2888875447200283     
   177.50266666666681       0.50357225937102545       0.33753004260118541     
   178.10200000000015       0.42905207568904408       0.42194185697979381     
   178.70133333333348       0.33186257375767808       0.33184096178971156     
   179.30066666666681        0.0000000000000000        0.0000000000000000     
