  0.10000000000000001        0.0000000000000000        0.0000000000000000     
  0.69933333333333336       0.44145523161365885       0.34945376883467349     
   1.2986666666666666       0.18445035439448487       0.17259666013001093     
   1.8980000000000001       0.55513986039181018       0.33895206086035268     
   2.4973333333333336        2.2394683289392421        1.2872349767849396     
   3.0966666666666671        2.4384525181156080        1.5098175594093082     
   3.6960000000000006        1.1349174327854410       0.61070323083819855     
   4.2953333333333337        7.8275964975263133        7.4606135939733162     
   4.8946666666666667        1.7582086534912478        1.1130055464758417     
   5.4939999999999998        1.9336418134430349       0.87086572228717185     
   6.0933333333333328        2.7048466158372229        1.7676429615261176     
   6.6926666666666659        2.8773264201939530        1.3839632640966550     
   7.2919999999999989        1.4370078878389561       0.63413396673480482     
   7.8913333333333320        1.3765174613719162       0.71040213164610355     
   8.4906666666666659        3.2451060380967420        1.8421502673365293     
   9.0899999999999999        3.2675328215592851        1.7727409961724456     
   9.6893333333333338        2.3615143198614610        1.1961212346231205     
   10.288666666666668        4.4041607185810454        1.8786351718074148     
   10.888000000000002        2.9836934782494993        1.4024248491746636     
   11.487333333333336        2.0605590586698925        1.0368090814696824     
   12.086666666666670        4.0698252316813051        1.6181331833543939     
   12.686000000000003        2.6597586735686654        1.2615687352510498     
   13.285333333333337        4.3332215345814786        1.9881240233900859     
   13.884666666666671        7.6879935481315709        2.6524475093983337     
   14.484000000000005        3.6790909827125828        1.9961590443119377     
   15.083333333333339        6.2105683805749994        2.1618577576488192     
   15.682666666666673        5.2978130648739565        1.9925607347981116     
   16.282000000000007        8.4546334196188280        2.6698155033929876     
   16.881333333333341        6.7185639651963429        2.6328890228398913     
   17.480666666666675        7.2064901074672862        2.4851898505573140     
   18.080000000000009        8.1868190881856595        2.3693129756924578     
   18.679333333333343        5.8532851840921962        1.9135479667335826     
   19.278666666666677        6.9490361467318715        2.1185730317651865     
   19.878000000000011        7.2894154988734536        2.2410916744860283     
   20.477333333333345        10.531318298125804        3.2134046775911389     
   21.076666666666679        3.8019013957866092        1.3302730952101476     
   21.676000000000013        9.3076936062787343        2.6096108965338609     
   22.275333333333347        19.051721296021462        12.473131549180740     
   22.874666666666680        10.552201406717574        2.9780887872035060     
   23.474000000000014        6.0878486669798262        1.6347629980185223     
   24.073333333333348        6.5756240456042301        2.0196570905118572     
   24.672666666666682        9.9595824114669238        2.9571146323516859     
   25.272000000000016        5.3115092607605794        1.6771010793199648     
   25.871333333333350        7.2295977526469661        2.1501939059554047     
   26.470666666666684        9.2218108865177157        2.9279582348962192     
   27.070000000000018        14.077403816290236        3.6448569665736370     
   27.669333333333352        18.612600662700235        4.6891359179519103     
   28.268666666666686        11.298662214055241        3.2398886915053184     
   28.868000000000020        7.4330601907506573        2.2365703527130334     
   29.467333333333354        4.3156250459283676        1.5661704395791425     
   30.066666666666688        9.2945595073651539        2.9411083852314692     
   30.666000000000022        6.3866288471319042        2.1681393774856765     
   31.265333333333356        10.172147647020857        3.0818771132796403     
   31.864666666666690        15.578603897600329        3.8945109779937930     
   32.464000000000020        12.868668151984872        3.1637545285833562     
   33.063333333333354        6.6618243011162690        2.4968372546692130     
   33.662666666666688        13.563047991778408        3.5009623330076649     
   34.262000000000022        13.542317500458310        3.4861410099821253     
   34.861333333333356        8.6181687452409648        2.7168099656943134     
   35.460666666666690        13.721942597063197        3.8073462616773113     
   36.060000000000024        12.201144998476746        3.5142964423334071     
   36.659333333333358        11.241370039068835        3.2552924165784023     
   37.258666666666691        8.5245969017572083        2.4795484054397887     
   37.858000000000025        13.338607408998168        3.7281372113908686     
   38.457333333333359        12.821558827951467        3.3590776143864898     
   39.056666666666693        13.034012293715895        3.2823269219450766     
   39.656000000000027        10.493152332342188        3.2167225356775102     
   40.255333333333361        11.291437485747013        2.8815927231044709     
   40.854666666666695        10.623077914719238        3.1058268866955583     
   41.454000000000029        8.1149729476872601        2.2779473426681762     
   42.053333333333363        17.215153233641484        4.1498153292522995     
   42.652666666666697        7.7954411883743644        2.0573278993641457     
   43.252000000000031        20.430827672086824        4.8425644540909305     
   43.851333333333365        9.7509998791477948        2.9027151563356557     
   44.450666666666699        24.420790836548868        5.6210331439641017     
   45.050000000000033        13.039457723454735        3.6111330066291432     
   45.649333333333367        19.161459832042464        4.7581714672306203     
   46.248666666666701        14.115027511388039        3.7059238282020757     
   46.848000000000035        12.819076521139699        3.5957058259348047     
   47.447333333333368        10.479053394451748        3.3829443448926706     
   48.046666666666702        8.3246131069990419        2.1988495737117324     
   48.646000000000036        11.792389836852003        3.5813519259267390     
   49.245333333333370        12.307771154434670        3.2181285570014770     
   49.844666666666704        14.921165177514206        4.1242954539275960     
   50.444000000000038        20.817676996996461        4.6969968862898446     
   51.043333333333372        10.595359121947553        2.8835341859687853     
   51.642666666666706        13.638084692743281        3.8052676030940766     
   52.242000000000040        15.637118174759932        3.7965875278649652     
   52.841333333333374        23.258667341618171        5.5167290481054669     
   53.440666666666708        17.149687038812370        4.4166484542515807     
   54.040000000000042        19.918248607903010        5.2294526808634716     
   54.639333333333376        14.363222081386031        3.1866486525141497     
   55.238666666666710        20.136659367408402        6.3182262084686398     
   55.838000000000044        18.551210994925768        4.7507328245522942     
   56.437333333333378        11.634483812115988        3.7136173443660740     
   57.036666666666711        19.592862968644031        4.4967304338821057     
   57.636000000000045        17.932145775844255        4.6876543837634763     
   58.235333333333379        16.792174336062484        4.3583384137770311     
   58.834666666666713        16.246671180188603        4.1019339831843427     
   59.434000000000047        19.042632540593285        4.8399792295209947     
   60.033333333333381        16.219723970750636        3.9362099487248838     
   60.632666666666715        22.254130372665070        4.9469585142134642     
   61.232000000000049        19.507225215314630        4.9929649842472701     
   61.831333333333383        17.096734178144803        3.8925769408954012     
   62.430666666666717        13.475180133601793        4.0521369750844798     
   63.030000000000051        14.350088610092850        3.8753118580464032     
   63.629333333333385        24.301471326018021        5.2242506270888036     
   64.228666666666712        21.892765847636255        5.2949797001518348     
   64.828000000000046        21.792109276380277        5.3775245492505030     
   65.427333333333380        25.903825627982471        6.3061339548003961     
   66.026666666666713        19.713656321666207        4.6217322032803363     
   66.626000000000047        13.798126658970180        3.9738617055730172     
   67.225333333333381        30.672881272205295        7.0865907062247198     
   67.824666666666715        12.275529619249582        2.8452798301081712     
   68.424000000000049        26.471888821174222        6.4573331094596220     
   69.023333333333383        23.049837609004339        5.2504346697559265     
   69.622666666666717        17.387866028782721        4.6136381131215680     
   70.222000000000051        20.097149460235162        5.4583426937234520     
   70.821333333333385        25.909661846184520        6.1834616562011702     
   71.420666666666719        23.834854331638130        5.5589079139689304     
   72.020000000000053        19.198316048752826        5.0304855520440075     
   72.619333333333387        13.045185444082559        2.9927641768660562     
   73.218666666666721        19.007946635846750        5.6064019138429622     
   73.818000000000055        23.158882721840115        5.0689896288125258     
   74.417333333333389        28.446202918191631        5.9844730155742507     
   75.016666666666723        14.864317488060347        4.3380003296052285     
   75.616000000000057        15.979740170770151        4.4621914048844831     
   76.215333333333390        18.651335426190027        4.1529869899575367     
   76.814666666666724        24.859497848471371        8.0088181510102547     
   77.414000000000058        12.749697503028798        3.4485380287302063     
   78.013333333333392        23.885937555338781        6.7275135770525560     
   78.612666666666726        17.759038521459349        4.6961838751025438     
   79.212000000000060        13.187187699530137        3.7439539430340760     
   79.811333333333394        16.451603645895393        4.5792976484149666     
   80.410666666666728        30.628475173443007        7.0410809023454828     
   81.010000000000062        15.414703222658078        4.5562717202213170     
   81.609333333333396        8.5365560643807097        2.5640771682361727     
   82.208666666666730        24.944747410428889        6.5494551295313608     
   82.808000000000064        17.044358275023754        4.3389994239780920     
   83.407333333333398        19.209593857073465        5.0801987435746696     
   84.006666666666732        18.009923921914535        5.1362732864081888     
   84.606000000000066        14.577680075368360        4.3503543178371524     
   85.205333333333400        17.057893044465633        5.3150092480125304     
   85.804666666666733        15.822239954453682        4.4286534352177780     
   86.404000000000067        19.660561467398871        4.6121835161715259     
   87.003333333333401        21.661541542387297        5.6792815045488378     
   87.602666666666735        26.359581282628614        5.7678408410998534     
   88.202000000000069        21.679049986187238        6.4113552988179769     
   88.801333333333403        18.164290324663906        5.1219327723164705     
   89.400666666666737        16.738055475166885        4.7523442386449624     
   90.000000000000071        22.211040091438530        5.2104103744638888     
   90.599333333333405        33.402848967126282        7.4064934799821902     
   91.198666666666739        10.858533101597278        3.6465115613810548     
   91.798000000000073        5.2515389013660485        1.6279255198897611     
   92.397333333333407        25.037847825229335        5.1763023935687258     
   92.996666666666741        12.915048486387798        3.2228822712895453     
   93.596000000000075        25.114682655912464        5.3838262840637423     
   94.195333333333409        27.778567535918818        7.0020769963913114     
   94.794666666666743        15.782270759655816        4.5940353595772603     
   95.394000000000077        22.415611694675324        4.9862788940033660     
   95.993333333333410        22.396585959226829        5.3927478155446975     
   96.592666666666744        23.590217042959765        5.6587126609567173     
   97.192000000000078        16.576765890102084        4.2774193710100974     
   97.791333333333412        19.884588736808535        5.2309173383340921     
   98.390666666666746        19.836871651831046        5.3820819202718369     
   98.990000000000080        26.629707205422257        6.2001651792246744     
   99.589333333333414        11.537187854206644        3.4910820339016286     
   100.18866666666675        21.522351043270039        5.6046075672141384     
   100.78800000000008        21.705425789587508        5.5966435200540916     
   101.38733333333342        27.400592676102292        6.6698164273058484     
   101.98666666666675        13.067231450754603        4.1697535157112497     
   102.58600000000008        16.002867060352685        3.8298624209663914     
   103.18533333333342        18.660502967428869        4.4809698272427925     
   103.78466666666675        27.746149855692806        6.1402088434771374     
   104.38400000000009        17.138940866039555        4.2656000841372412     
   104.98333333333342        17.955449173819620        4.3373455849068110     
   105.58266666666675        27.088546357518915        7.5400664971434948     
   106.18200000000009        16.623279193725359        4.0586726346447026     
   106.78133333333342        27.719176985865488        6.3875616763866407     
   107.38066666666676        26.813980194983998        6.6782764184253214     
   107.98000000000009        19.512024916116363        4.7803829981489185     
   108.57933333333342        15.049601160540680        4.4448758244411435     
   109.17866666666676        21.834270634266655        5.2454545129217838     
   109.77800000000009        21.003027323781048        5.0457668690386095     
   110.37733333333343        24.911537437200778        5.5025939059420326     
   110.97666666666676        24.570883684804020        5.1280411730184685     
   111.57600000000009        27.599494969590033        6.4947344689809512     
   112.17533333333343        26.697121458531139        5.9567245339548158     
   112.77466666666676        16.884144014646921        4.3863619408899259     
   113.37400000000009        26.027989903798460        6.1310476536318737     
   113.97333333333343        21.721625061378397        5.4470565487006644     
   114.57266666666676        14.803531701705259        3.6588165971346811     
   115.17200000000010        27.440497820589208        5.1035930128879174     
   115.77133333333343        20.693032223669022        5.1195227544230706     
   116.37066666666676        29.890287231786054        6.0929090544114937     
   116.97000000000010        17.641988526361455        4.3431169492718311     
   117.56933333333343        24.598165864997267        5.9174195916776009     
   118.16866666666677        22.977565083886130        5.0358279069834362     
   118.76800000000010        16.565325580982044        4.2670425217502927     
   119.36733333333343        23.561339191401057        5.7477189146886056     
   119.96666666666677        21.439969916261720        5.0163762449642180     
   120.56600000000010        22.521184954489293        5.1535123447347830     
   121.16533333333344        23.441133203172857        5.1348842803856805     
   121.76466666666677        19.544946249347227        4.8224135063275151     
   122.36400000000010        18.828198263543346        4.8012801224087207     
   122.96333333333344        17.813476230451975        4.8330626074184542     
   123.56266666666677        21.173345905223304        5.9611233989364134     
   124.16200000000011        29.190751947577589        6.2399801511240618     
   124.76133333333344        41.391719891097445        13.311717004629532     
   125.36066666666677        19.502657408855466        3.9081170734475599     
   125.96000000000011        17.460240320157620        4.0392786940048451     
   126.55933333333344        20.785202343420174        4.8101007188410767     
   127.15866666666678        20.088335290915936        4.8271427854208016     
   127.75800000000011        18.439201014051871        4.8532468017583881     
   128.35733333333343        19.909871667677329        4.2083768119096687     
   128.95666666666676        18.283481313526387        4.3314796512094214     
   129.55600000000010        21.484806512249701        4.4175995178430414     
   130.15533333333343        17.813035767933787        4.0632969946387378     
   130.75466666666676        18.354743239755383        4.7068136914870156     
   131.35400000000010        23.962001559747442        5.2008012842198132     
   131.95333333333343        24.853858340063976        5.0487933116353654     
   132.55266666666677        8.3613494066851644        1.9593407266341500     
   133.15200000000010        16.063224402976896        3.5033066078075206     
   133.75133333333343        15.902353517845436        4.3044469161102912     
   134.35066666666677        15.809329749967102        3.7134752491111653     
   134.95000000000010        14.942076593908743        3.2669199357167962     
   135.54933333333344        15.999424869593401        3.8909013536059152     
   136.14866666666677        17.484127194300832        3.9127525286692229     
   136.74800000000010        20.261982858334338        4.4489224574488944     
   137.34733333333344        16.513334949061484        4.1481116335738903     
   137.94666666666677        19.048312078173204        4.2537666867941057     
   138.54600000000011        4.9599225496138395        1.4214980521697083     
   139.14533333333344        12.891769642895651        3.2964210376288356     
   139.74466666666677        15.193862126832880        3.5373435395648007     
   140.34400000000011        10.754690757791348        2.9497522510283622     
   140.94333333333344        16.562379944084586        4.2491633738408741     
   141.54266666666678        20.349281796844409        4.8300253841968921     
   142.14200000000011        19.682362664929073        4.0213967399908830     
   142.74133333333344        16.068462304351495        4.0594270660961671     
   143.34066666666678        12.726997493622106        3.1995834519879467     
   143.94000000000011        20.514427688489501        5.8256131296310896     
   144.53933333333345        17.685113375498464        4.3169253071317293     
   145.13866666666678        10.656409456724584        2.4247241091013376     
   145.73800000000011        11.454425370860360        2.7509153817467999     
   146.33733333333345        8.8344665272223235        2.5832921850605817     
   146.93666666666678        6.8332865497208726        1.8185219822664707     
   147.53600000000012        15.322564355917912        3.4397824405613311     
   148.13533333333345        10.391415433200272        2.5965789808183679     
   148.73466666666678        18.788877622569601        4.4639124633665643     
   149.33400000000012        12.106094445998174        3.2037003754081992     
   149.93333333333345        14.993207612199040        3.2207115514952878     
   150.53266666666678        16.193535917542949        3.7406917226565386     
   151.13200000000012        12.092465618189653        3.0516999767096120     
   151.73133333333345        8.3088893102570367        2.1388321665256851     
   152.33066666666679        7.5818470822218611        2.2830746203335130     
   152.93000000000012        11.265656877738907        3.0906948332465967     
   153.52933333333345        10.738958219922550        2.8841168315192416     
   154.12866666666679        12.284764246163601        3.3793822047999336     
   154.72800000000012        17.181445490761309        5.4990963126483976     
   155.32733333333346        16.665630492047903        5.4180236569192175     
   155.92666666666679        9.8058556818086089        3.1784408688380545     
   156.52600000000012        10.030022512041311        2.9575484323178838     
   157.12533333333346        9.2883874617949154        2.6480500147240349     
   157.72466666666679        6.0639559898120714        2.0281651409406898     
   158.32400000000013        6.5891045347041484        1.8499890664358269     
   158.92333333333346        7.5516819348175268        2.1520535879481422     
   159.52266666666679        9.0919403087082991        2.6351508866821560     
   160.12200000000013        4.9866332404776514        1.5412108103612949     
   160.72133333333346        4.7870908073287470        1.6953169225217033     
   161.32066666666680        11.290363029328878        3.3315813466651294     
   161.92000000000013        7.9030350112383081        2.3006395183918822     
   162.51933333333346        8.8304943863554008        2.7189054516150502     
   163.11866666666680        5.2785917031894192        1.9449067529229349     
   163.71800000000013        5.9215887539082948        1.7619520442428354     
   164.31733333333347        5.9848177164773144        2.0456237981800731     
   164.91666666666680        6.0961508315683375        2.1261154776159681     
   165.51600000000013        7.3995472981680805        2.1862053221612672     
   166.11533333333347        6.3497968671216407        2.0256358037772086     
   166.71466666666680        3.2760381640407243        1.2714255924065470     
   167.31400000000014        6.8126136784121956        2.7088548299348116     
   167.91333333333347        7.9116397927311857        2.9827879245018281     
   168.51266666666680        4.0682913320456331        2.1260408458143334     
   169.11200000000014        6.2223795136170832        2.3827402003275830     
   169.71133333333347        4.0953074186771490        1.2111874405344414     
   170.31066666666680        1.6466443129982136       0.75796335530268233     
   170.91000000000014        4.9658522646355800        2.3672127415304698     
   171.50933333333347        5.2237380548064385        2.2524017325691474     
   172.10866666666681        2.3244678457726948        1.4757301130757110     
   172.70800000000014        4.2612755893716958        1.6326563453915852     
   173.30733333333347        1.3207741205872781       0.83068216547941143     
   173.90666666666681       0.27895582482717685       0.13967543200991692     
   174.50600000000014        2.6145657494324928        1.6927610262715300     
   175.10533333333348        1.2739273107602760       0.92266455934331926     
   175.70466666666681       0.94165339557810257       0.84628308771999339     
   176.30400000000014        1.5081483151318098        1.2052136109167968     
   176.90333333333348        2.8194371762058998        1.9016235055386637     
   177.50266666666681       0.18872222702992530       0.16578114341354089     
   178.10200000000015        0.0000000000000000        0.0000000000000000     
   178.70133333333348        1.0767954613057702       0.64698937009006008     
   179.30066666666681        0.0000000000000000        0.0000000000000000     
