 -0.10000000000000001        134.51861674451317        10.857060991291055     
  0.50066666666666670        205.90483085405268        16.719856634675061     
   1.1013333333333333        153.05949245517186        15.548565578952715     
   1.7020000000000000        112.74368605595618        12.872122380614966     
   2.3026666666666666        79.185902313126888        11.074740035389949     
   2.9033333333333333        70.284897619912911        10.491956425939167     
   3.5040000000000000        64.398677330071891        9.8809406157160975     
   4.1046666666666667        64.652746544792038        9.9015705701613914     
   4.7053333333333338        43.433728000329396        8.1089215197577076     
   5.3060000000000009        46.073816923671650        8.2317397309966722     
   5.9066666666666681        40.486116714050674        8.6892428395227324     
   6.5073333333333352        41.355161205362776        7.8294874583636060     
   7.1080000000000023        24.492369658762218        5.4227606520147287     
   7.7086666666666694        24.124645306256774        5.6696781719997027     
   8.3093333333333366        25.182465452639409        5.2396788692025940     
   8.9100000000000037        22.807323939855372        6.8440767739171582     
   9.5106666666666708        23.704724365793915        5.9854239769047073     
   10.111333333333338        29.532597078375794        6.3676876346302720     
   10.712000000000005        16.552959776433756        3.6690456070824520     
   11.312666666666672        19.424801042733609        4.8234606575438823     
   11.913333333333339        29.770110562287208        12.835244016023525     
   12.514000000000006        21.308487716389450        5.2093391187715010     
   13.114666666666674        9.8684878179360815        3.2600471218281033     
   13.715333333333341        12.794854174179632        3.4164495791151022     
   14.316000000000008        20.016375980956290        7.5388299184409320     
   14.916666666666675        12.025553205047032        3.6288519847930845     
   15.517333333333342        11.616783053755004        3.4312945797223064     
   16.118000000000009        11.619483966954629        3.5056296279170689     
   16.718666666666675        14.437303968489177        3.9974006332820435     
   17.319333333333340        11.268324180826166        3.6694051489289761     
   17.920000000000005        16.833449635945922        4.3911427925963062     
   18.520666666666671        15.911498911726099        4.3955790661336911     
   19.121333333333336        11.912247763436062        3.9102946304177539     
   19.722000000000001        12.940856715285387        4.2425030552287826     
   20.322666666666667        10.302295889259717        3.2518114997232397     
   20.923333333333332        15.413531719853617        4.1392974281163122     
   21.523999999999997        7.6978417392843932        2.2952286818120919     
   22.124666666666663        11.942561529154631        3.5242800865347350     
   22.725333333333328        16.132740770216174        4.2486946342354361     
   23.325999999999993        11.925979881045201        3.7581130661757056     
   23.926666666666659        9.5258829103173071        2.8872392513098006     
   24.527333333333324        14.368891945052162        5.1976247968496709     
   25.127999999999989        12.305934669266337        5.9498456668764383     
   25.728666666666655        6.1461611620401078        1.8906159289169910     
   26.329333333333320        4.2085596742058700        1.4443651610347068     
   26.929999999999986        7.0170491430217723        2.2272231360329249     
   27.530666666666651        12.053568302954009        3.1135483245311346     
   28.131333333333316        14.814841550967753        3.1169907432360962     
   28.731999999999982        7.6999296259885082        2.1089909108151010     
   29.332666666666647        6.1449810061518715        2.0907074591365102     
   29.933333333333312        8.4962172538915937        2.3895927090559455     
   30.533999999999978        5.7803874160864819        1.8443697986534253     
   31.134666666666643        9.2612220984403262        2.9708284840012080     
   31.735333333333308        16.445324573446300        4.5351798290691363     
   32.335999999999977        3.8338955443256548        1.4436626264685655     
   32.936666666666646        4.8480211061885168        1.5155713499881382     
   33.537333333333315        9.7716412329107456        2.9374830233738347     
   34.137999999999984        7.2356484140772510        1.9737818374070106     
   34.738666666666653        6.8053485195442160        1.8004832519877265     
   35.339333333333322        5.4166849345699877        2.3797743293511480     
   35.939999999999991        7.2240605106135307        2.1994936652511643     
   36.540666666666660        6.0249507810598892        1.8405280369817887     
   37.141333333333328        8.2533613126125793        2.4077306152120390     
   37.741999999999997        10.112792980155971        2.6644408522662308     
   38.342666666666666        4.9079179098699717        1.4433423729368557     
   38.943333333333335        4.3604633379583664        1.5323508853413421     
   39.544000000000004        2.9814446978059954        1.0698483210324243     
   40.144666666666673        5.6541352293588352        1.6710935557241802     
   40.745333333333342        6.4245359348189250        1.8425773383593136     
   41.346000000000011        4.4857744780111357        1.3497429396171770     
   41.946666666666680        6.1538716432710254        1.6899742144927961     
   42.547333333333349        6.6217780787438638        2.6624994596556935     
   43.148000000000017        4.8124853459712913        1.4062220160047971     
   43.748666666666686        4.1582742364691700        1.1230436160528412     
   44.349333333333355        5.7073816669935793        1.8024384480528837     
   44.950000000000024        6.5519961550315067        1.6999734675433571     
   45.550666666666693        7.6370250184393482        1.9180250485072297     
   46.151333333333362        4.7116309370637488        1.3880405179815185     
   46.752000000000031        4.8534675404265748        2.2531308650969186     
   47.352666666666700        5.5725741450873638        1.4387153018020407     
   47.953333333333369        7.0136721690771777        2.2030846163131552     
   48.554000000000038        3.9123094890027046        1.2536403725456751     
   49.154666666666706        5.9966520394348564        1.5673147200195963     
   49.755333333333375        4.7210861446465042        1.1782698080757976     
   50.356000000000044        6.2130134796425658        3.2395910855530068     
   50.956666666666713        5.8530954612769817        1.5172104478845216     
   51.557333333333382        5.6089443026308361        1.3282844713294015     
   52.158000000000051        3.8162258997839640        1.1300331254898999     
   52.758666666666720        6.7520928765631227        2.0006538785171539     
   53.359333333333389        4.8569235168696760        1.3392388308793208     
   53.960000000000058        3.6223729241717448        1.0814257565669181     
   54.560666666666727        7.4198749906746109        2.2176966828250113     
   55.161333333333396        9.9842227539632216        3.1779697635656974     
   55.762000000000064        3.1424792804995478        1.0013486738190551     
   56.362666666666733        4.3077569064128634       0.96718942995106971     
   56.963333333333402        4.6621280585589657        1.4532566286360018     
   57.564000000000071        4.4036405611526206        1.1881029709354547     
   58.164666666666740        6.2356710360821799        1.7724247603038401     
   58.765333333333409        5.9710776162617059        1.4189272074923269     
   59.366000000000078        5.9323692799223142        1.4705981100647585     
   59.966666666666747        6.8632773144312011        1.7854880428844024     
   60.567333333333416        2.0197418879708007       0.70452126505993340     
   61.168000000000085        7.4482179563500859        2.3851821884428701     
   61.768666666666753        7.6230686587027030        1.6970350585705203     
   62.369333333333422        7.8011128694029113        2.1686728759695710     
   62.970000000000091        5.3373670558857080        1.2404343212908633     
   63.570666666666760        4.7571540252697533        1.4941929062040118     
   64.171333333333422        4.7767098661898233        1.4551926946469298     
   64.772000000000091        4.2502575961065681        1.2127267300766671     
   65.372666666666760        3.9038251788226703        1.5777587276715992     
   65.973333333333429        4.0568766467086412       0.96434409365235552     
   66.574000000000098        4.9831037002245004        1.4483613590666875     
   67.174666666666766        5.8222258918071033        2.1670537537077825     
   67.775333333333435        5.6628872052866033        1.9926663044751787     
   68.376000000000104        7.2304391222760938        2.1582940004393021     
   68.976666666666773        7.3892901075386241        1.8659097865120193     
   69.577333333333442        4.6264637504135075        1.3194023434954807     
   70.178000000000111        5.0110914438827816        1.9116799918982090     
   70.778666666666780        2.3526757516259549       0.75859386281529317     
   71.379333333333449        5.5767260612929093        1.6833284293636928     
   71.980000000000118        4.9946062221370191        1.4202879637105243     
   72.580666666666787        4.2446080340350658        1.0407102532762562     
   73.181333333333455        3.0263380138234650       0.72778723566939829     
   73.782000000000124        4.9463005902563095        1.1197061250272604     
   74.382666666666793        4.9034584427912993        1.2798901902709616     
   74.983333333333462        5.1362826429888910        1.2012785211680708     
   75.584000000000131        4.7806361631021312        1.7192633307908796     
   76.184666666666800        4.5467373505919753        1.4125004929878817     
   76.785333333333469        4.3139288172137817        1.2952810217651063     
   77.386000000000138        2.4920997953835768       0.74075740270617429     
   77.986666666666807        4.1209800664792473       0.90446475204273435     
   78.587333333333476        3.9365960720292690        1.2793479684616198     
   79.188000000000144        6.0543738305217225        1.3234371551564394     
   79.788666666666813        3.9915690701937052        1.0479879571816511     
   80.389333333333482        8.0993451763094235        2.8406124005646056     
   80.990000000000151        3.7118817211997071        1.0265388480293474     
   81.590666666666820        2.7699538008883415       0.79979085922558735     
   82.191333333333489        5.2594428335111996        1.2602875953501438     
   82.792000000000158        4.0463316812814956        1.0477786808350313     
   83.392666666666827        2.2856249605160470       0.61338109439952770     
   83.993333333333496        4.0134647628062670        1.0629456132086745     
   84.594000000000165        6.5662232960585101        3.0179933248134194     
   85.194666666666834        4.8859973910252110        1.2454982905299099     
   85.795333333333502        6.6534484031315966        1.4493518954660651     
   86.396000000000171        4.2105732978256158        1.0827982134361285     
   86.996666666666840        3.9634558218866602       0.95475258247165873     
   87.597333333333509        2.8307658836988154       0.92269326634654769     
   88.198000000000178        3.3809489396300694       0.85493079324426091     
   88.798666666666847        4.0242398571325007       0.92166213741138769     
   89.399333333333516        4.8525186440244745        1.0071525652440139     
   90.000000000000185        7.1361420707012897        1.5221465580788849     
   90.600666666666854        5.3237827466747563        1.1960439232877176     
   91.201333333333523        3.2211254356172216        1.0548163381185989     
   91.802000000000191        3.9469526329317857        1.1451503921655881     
   92.402666666666860        4.8015769558664685        1.2804304253209891     
   93.003333333333529        4.7984513083350384        1.0346127071242270     
   93.604000000000198        2.4911571198024087       0.71265282708422140     
   94.204666666666867        4.2399480560156775        1.4725921957856982     
   94.805333333333536        5.3833602249774488        1.5769840464430560     
   95.406000000000205        4.5132170413239230        1.0500315938054079     
   96.006666666666874        5.6109328516899559        1.5786259939026750     
   96.607333333333543        4.9070100839029172        1.1712784988881515     
   97.208000000000212        4.6698864126627484        1.1681132845950031     
   97.808666666666880        5.2526071379317933        1.2000002509683363     
   98.409333333333549        5.4217064747865740        1.4137772510840541     
   99.010000000000218        4.9251647287070881        1.4525553817556642     
   99.610666666666887        4.3468934267112331        1.4897076664880546     
   100.21133333333356        3.9118966079526305        1.3481953315329904     
   100.81200000000022        5.8738425891183548        3.1177351262481436     
   101.41266666666689        4.5102056185272934        1.5142384250890539     
   102.01333333333356        4.5874119449785535        1.0783066410459359     
   102.61400000000023        2.9322891936090056       0.97526646787744420     
   103.21466666666690        8.6737366459498535        3.3838755524510309     
   103.81533333333357        3.6713781822211096       0.90357497128173514     
   104.41600000000024        4.3119407159084924        1.2478891508157346     
   105.01666666666691        3.9932437004527119       0.99043862847419994     
   105.61733333333358        7.3256876566740949        1.4838426782046836     
   106.21800000000025        6.7962570382368108        1.4849388413110867     
   106.81866666666691        4.7669357503218990        1.0969739846635715     
   107.41933333333358        5.2711816216330760        1.2904992804125519     
   108.02000000000025        3.4091101847501468       0.92237436884799850     
   108.62066666666692        7.4256035220774788        1.6958545096994415     
   109.22133333333359        7.0875752399499623        1.5177453962314864     
   109.82200000000026        4.2310415449353851        1.2477023285433344     
   110.42266666666693        3.9976525305196140       0.95699583247511066     
   111.02333333333360        4.5504151999354727        1.1435699203147205     
   111.62400000000027        5.6006408095463263        1.3610339781481118     
   112.22466666666693        2.9236228920215002       0.77789234275766272     
   112.82533333333360        6.1873334924528480        1.9097616484864188     
   113.42600000000027        4.1240367601586367        1.2696400062220814     
   114.02666666666694        3.0629582152818418       0.91220827206059618     
   114.62733333333361        6.6232665896978293        2.1270040532174939     
   115.22800000000028        6.8763086217814076        1.7313761524545108     
   115.82866666666695        3.9442665377098085        1.1584050683810829     
   116.42933333333362        3.9505821228002693        1.1523925326265032     
   117.03000000000029        3.4198672852658518       0.90467382398484986     
   117.63066666666695        5.3701491615285351        1.4727717337545432     
   118.23133333333362        3.1122956985393211       0.89872340837432663     
   118.83200000000029        4.2111379685049943        1.1542640961685404     
   119.43266666666696        3.3751283765073303       0.91173872926348087     
   120.03333333333363        5.5358845657136495        2.0053267876962870     
   120.63400000000030        3.7939552087308721        1.0580535065548242     
   121.23466666666697        3.5155064243943848       0.88933115152685271     
   121.83533333333364        7.1103397354067788        4.4950677437626192     
   122.43600000000031        1.7669889419306510       0.58873540947047909     
   123.03666666666697        9.2258169390319562        2.7412303614661688     
   123.63733333333364        5.5798973941397447        1.5303453647184750     
   124.23800000000031        4.0267216882139394        1.1115379803930012     
   124.83866666666698        6.6922382615350573        2.5031737487010046     
   125.43933333333365        3.7985235060859623        1.2133467415588512     
   126.04000000000032        6.2602425963809614        1.7698474530952606     
   126.64066666666699        3.6662423002600182        1.0779988638353717     
   127.24133333333366        5.9055561493073592        1.5235101740470876     
   127.84200000000033        5.0221679289943628        1.3390141028803815     
   128.44266666666698        8.9099892419733209        2.3385438693353517     
   129.04333333333363        4.7348726347096051        1.2288849291535078     
   129.64400000000029        7.5439377660518625        1.7986897274765625     
   130.24466666666694        4.9830915978116890        1.3650391678016596     
   130.84533333333360        7.4095087421011767        2.1179506992891874     
   131.44600000000025        10.819188985525326        2.5201484260651976     
   132.04666666666691        5.1241261892908199        1.5039719746075184     
   132.64733333333356        5.5529242952297375        1.6420553211502951     
   133.24800000000022        6.0914881069933573        1.7796785303733886     
   133.84866666666687        3.4376206909946481        1.2952926979223869     
   134.44933333333353        3.1077233907493862        1.3171670415542336     
   135.05000000000018        4.4199280806706769        1.9595062181680538     
   135.65066666666684        4.1058125743850313        1.2157545795209259     
   136.25133333333349        6.7888962159973607        1.9973902206579370     
   136.85200000000015        4.8663573786604921        1.3547845945174926     
   137.45266666666680        6.4572844696759342        2.0196299497923169     
   138.05333333333346        10.483534007291277        3.6588500818881555     
   138.65400000000011        7.6261919063673771        2.1643513474141782     
   139.25466666666676        4.9174841808880636        1.6612552814733466     
   139.85533333333342        5.4560061908416708        1.5032246065545489     
   140.45600000000007        7.3403097040753655        2.6706503636791767     
   141.05666666666673        7.8729302609715619        2.8545279326578092     
   141.65733333333338        4.9029542567087550        1.4804962843057590     
   142.25800000000004        7.2420767345993644        2.2461782846441265     
   142.85866666666669        13.071712631236819        5.0495166981612778     
   143.45933333333335        6.4752214052637100        2.0826582133325533     
   144.06000000000000        3.6928710902561406        1.0979233537239865     
   144.66066666666666        6.3119096912174655        1.8244379728254687     
   145.26133333333331        4.2290185689412549        1.5746766561803947     
   145.86199999999997        6.9920626551709546        2.2195875049831622     
   146.46266666666662        4.5706772520357966        1.3668788056893764     
   147.06333333333328        5.7082163321602684        1.6861254806566826     
   147.66399999999993        3.7469084366270113        1.6162345864694598     
   148.26466666666659        7.4813919106887603        2.2316768865290686     
   148.86533333333324        3.9997260688024485        2.0700608526758608     
   149.46599999999989        5.5693025350996743        1.9943307188003188     
   150.06666666666655        4.0224751759238764        1.4355380518626315     
   150.66733333333320        8.1137306614163780        2.7118837768782011     
   151.26799999999986        8.9949960483560805        2.3100032453847898     
   151.86866666666651        10.035936969868633        2.7800763809227957     
   152.46933333333317        9.3311766998920813        2.6287744900679182     
   153.06999999999982        5.7473439488172540        1.9245691233274402     
   153.67066666666648        9.8797938449175096        3.4532236519681057     
   154.27133333333313        7.1903083571386386        2.1163730530635529     
   154.87199999999979        9.1580619760394519        2.6926457868157261     
   155.47266666666644        7.3417122610712129        2.8260380671411371     
   156.07333333333310        10.132601977113291        3.1141359416085290     
   156.67399999999975        7.4165738773868179        2.3683639745635419     
   157.27466666666641        7.9913076653360431        2.7324962259684185     
   157.87533333333306        10.550152241885300        2.9119752256827867     
   158.47599999999971        12.688250720307609        3.6638982502130601     
   159.07666666666637        12.572094248530421        3.7771408424992852     
   159.67733333333302        12.525531656328756        4.0044006510497239     
   160.27799999999968        11.005182305200227        3.4735705993384101     
   160.87866666666633        18.868176757482875        7.4788481011550809     
   161.47933333333299        11.863098285796925        3.8319859109486614     
   162.07999999999964        11.831244421520614        3.7909256475928710     
   162.68066666666630        12.669898228306311        3.7729004323058759     
   163.28133333333295        15.192775867536112        3.9533514997313670     
   163.88199999999961        13.637237200955592        4.4759173289411409     
   164.48266666666626        12.443806353523732        3.3967759745845290     
   165.08333333333292        11.973234627740908        3.2183172168521930     
   165.68399999999957        18.060179614363197        4.4136077900921906     
   166.28466666666623        20.274527671519717        5.4412384536187721     
   166.88533333333288        19.518049696070644        4.9504816529858502     
   167.48599999999954        21.594597218572336        5.5755299967849217     
   168.08666666666619        14.532523971165869        4.3053728747729334     
   168.68733333333284        17.241188419354209        4.6079629689905479     
   169.28799999999950        25.383816671240876        5.6955081042509041     
   169.88866666666615        21.411254465243932        5.0732491535648041     
   170.48933333333281        32.156897971766647        7.3409448797966448     
   171.08999999999946        20.803112926647859        5.1238409234632707     
   171.69066666666612        28.116190095555545        6.5452591716224795     
   172.29133333333277        34.140004829072574        13.500402085629096     
   172.89199999999943        29.286336331577441        7.1980864997578449     
   173.49266666666608        25.020314008272404        6.2943135198955309     
   174.09333333333274        43.824686798299638        8.9245061789162872     
   174.69399999999939        46.241506462239684        8.3058966523219375     
   175.29466666666605        30.342113994403306        6.4978224134404590     
   175.89533333333270        60.361929543485843        9.4966594459352081     
   176.49599999999936        83.101592659110381        12.657583361834501     
   177.09666666666601        71.713998904002210        10.183681428430987     
   177.69733333333267        105.96750520323626        12.274148483523973     
   178.29799999999932        121.15838240598643        13.174300010997317     
   178.89866666666597        196.63103032019865        15.792859532406009     
   179.49933333333263        144.19067525010283        11.490421937682955     
