   4.4654768830562498E-002   5183.3177521671541        2803.5829446572543     
   4.4668722934460621E-002   3289.8560811560960        2259.1335443249263     
   4.4682677038358744E-002   6717.9818162538559        4856.2499087945416     
   4.4696631142256867E-002   1382.7243632226855        1024.0227285948386     
   4.4710585246154989E-002   22321.972918701103        15470.874695950979     
   4.4724539350053112E-002   8079.8187253565293        5994.7941231404966     
   4.4738493453951235E-002   2373.5334737275775        2026.2914972461745     
   4.4752447557849358E-002   56660.693560476779        54754.755451814795     
   4.4766401661747481E-002   1122.8248882452660        1122.7368615203259     
   4.4780355765645603E-002   14104.442657524236        7828.0362094007396     
   4.4794309869543726E-002   2377.5086476040970        1386.3394063426965     
   4.4808263973441849E-002   10901.464376288905        6922.5528166643571     
   4.4822218077339972E-002   259078.13377050307        218972.93784866316     
   4.4836172181238095E-002   43908.089963534258        27995.641569010644     
   4.4850126285136217E-002   2822.2068097563247        2255.4923872396312     
   4.4864080389034340E-002   7892.1380776392753        7618.9631982907777     
   4.4878034492932463E-002   1513.9956249598231        1139.7877250291144     
   4.4891988596830586E-002   8700.3841021043772        6524.0045696709867     
   4.4905942700728708E-002   2822.7565588964840        2503.0959482172111     
   4.4919896804626831E-002   4531.0927948841036        3227.2974993715861     
   4.4933850908524954E-002   7970.7804866569313        5732.1203092377464     
   4.4947805012423077E-002   19251.710564599558        9386.8083464073879     
   4.4961759116321200E-002   21872.197918098562        15653.730724367897     
   4.4975713220219322E-002   3439.5527278118152        2999.2273138903938     
   4.4989667324117445E-002   108473.37225217167        83266.452597393785     
   4.5003621428015568E-002   113730.37805939282        113524.11523112532     
   4.5017575531913691E-002   17447.752703429946        17444.217549366022     
   4.5031529635811814E-002   17168.364365830897        11031.454827795003     
   4.5045483739709936E-002   37.885815684771920        34.446018391026897     
   4.5059437843608059E-002   9453.7571732394590        6609.7577856043881     
   4.5073391947506182E-002   15979.336282191012        9249.4963373970659     
   4.5087346051404305E-002   31363.770689897472        27012.696569400759     
   4.5101300155302428E-002   62436.535908359656        62273.628193527577     
   4.5115254259200550E-002   4008.7072445224062        2398.2183966411872     
   4.5129208363098673E-002   703.23773848443466        498.23594091428373     
   4.5143162466996796E-002   97687.558146876763        66910.173461792598     
   4.5157116570894919E-002   42898.823028468221        41834.075970227204     
   4.5171070674793042E-002   38120.451623411820        21383.903348827989     
   4.5185024778691164E-002   23394.133843683601        18608.270114153056     
   4.5198978882589287E-002   75930.323969919889        62181.971307904212     
   4.5212932986487410E-002   102888.80788132527        85786.621148110920     
   4.5226887090385533E-002   8357.7333625312658        8320.3811951459684     
   4.5240841194283656E-002   19525.816521162407        13755.850254284920     
   4.5254795298181778E-002   18812.652408833826        11724.629081061808     
   4.5268749402079901E-002   119904.18550674322        102156.07544801594     
   4.5282703505978024E-002   130370.97571321522        51822.557742190984     
   4.5296657609876147E-002   11655.585156514422        10869.052905655260     
   4.5310611713774269E-002   2217.1260414638177        1731.5043668378364     
   4.5324565817672392E-002   71339.052861069445        39876.610121674035     
   4.5338519921570515E-002   12579.319727706921        8964.2677062381626     
   4.5352474025468638E-002   44393.644336687736        25368.245592480289     
   4.5366428129366761E-002   92407.371309259528        56599.076838090310     
   4.5380382233264883E-002   64081.426610026538        46519.907327555302     
   4.5394336337163006E-002   16799.540249972662        9620.1249790429556     
   4.5408290441061129E-002   3445.6344406746498        3445.3271651186210     
   4.5422244544959252E-002   10301.924065919296        9449.6533566653143     
   4.5436198648857375E-002   5886.8834747458168        2961.3079845875336     
   4.5450152752755497E-002   62554.135118658167        46311.476327110635     
   4.5464106856653620E-002   27277.294973565702        15106.020759348907     
   4.5478060960551743E-002   119202.82975249639        90207.212428410159     
   4.5492015064449866E-002   35180.278250127871        23777.708868583031     
   4.5505969168347989E-002   36638.291003887134        16694.561405258737     
   4.5519923272246111E-002   116697.89726464705        67660.491926279836     
   4.5533877376144234E-002   3312.7258634107729        2380.6299212282947     
   4.5547831480042357E-002   62852.616373742814        57349.208592864859     
   4.5561785583940480E-002   86550.458333667790        76961.989579890535     
   4.5575739687838603E-002   30371.000606490165        25559.784616975034     
   4.5589693791736725E-002   150.20957936565273        150.20072449610953     
   4.5603647895634848E-002   110700.32917551568        74599.287948661586     
   4.5617601999532971E-002   102566.46398330144        88539.750764055745     
   4.5631556103431094E-002   77260.245198535937        72599.319129417767     
   4.5645510207329217E-002   79604.024154912826        46922.891108755313     
   4.5659464311227339E-002   20935.384425824712        13141.560062993631     
   4.5673418415125462E-002   90822.354148231461        53942.518826461899     
   4.5687372519023585E-002   62675.670565114910        54490.636621386933     
   4.5701326622921708E-002   66746.026569810027        52128.964058318852     
   4.5715280726819831E-002   16089.764620873841        11615.044170193178     
   4.5729234830717953E-002   85077.432055472469        54909.083156486151     
   4.5743188934616076E-002   39198.033355704167        38733.212573532132     
   4.5757143038514199E-002   25806.245333391638        16279.312247551879     
   4.5771097142412322E-002   61389.850835983401        44265.990203978428     
   4.5785051246310444E-002   112554.86692688557        71207.732524606545     
   4.5799005350208567E-002   11519.285264418400        6948.6446157448345     
   4.5812959454106690E-002   48025.374047971447        28068.048198932072     
   4.5826913558004813E-002   1415.2655792678638        1414.8229629695436     
   4.5840867661902936E-002   25659.236455360569        9659.3581222117991     
   4.5854821765801058E-002   94354.154735872318        52814.726167487453     
   4.5868775869699181E-002   55707.600867190973        33739.431172690718     
   4.5882729973597304E-002   68082.827105284930        41768.323293748035     
   4.5896684077495427E-002   119536.36475803227        84698.673347791890     
   4.5910638181393550E-002   127086.85395070503        73154.634907251049     
   4.5924592285291672E-002   55364.408000714437        39654.582473541894     
   4.5938546389189795E-002   10210.956852830570        5429.5280012522389     
   4.5952500493087918E-002   65336.148195818634        40234.199928978036     
   4.5966454596986041E-002   21547.831188843102        10284.040533348098     
   4.5980408700884164E-002   13740.726162126988        11907.351981728440     
   4.5994362804782286E-002   5980.2374002175193        3709.5412482363527     
   4.6008316908680409E-002   12484.418819446986        6307.5424385179695     
   4.6022271012578532E-002   20148.182598068463        11689.899576017004     
   4.6036225116476655E-002   28907.441483121260        16433.414618136445     
   4.6050179220374778E-002   15376.152284211670        11205.832230567536     
   4.6064133324272900E-002   116077.98648612828        96248.002560483437     
   4.6078087428171023E-002   127052.89169684253        69919.575771507632     
   4.6092041532069146E-002   198688.93996220027        99305.052006509199     
   4.6105995635967269E-002   45301.874236949072        28459.133059963468     
   4.6119949739865392E-002   89444.819179558210        60033.911014370249     
   4.6133903843763514E-002   114323.71994017802        72239.361131866579     
   4.6147857947661637E-002   99755.575784995512        98086.662808842986     
   4.6161812051559760E-002   196735.79916139253        112834.13666041641     
   4.6175766155457883E-002   122322.88184042416        52857.036947043642     
   4.6189720259356006E-002   18906.069845231206        10495.576623674313     
   4.6203674363254128E-002   51544.482539920442        35720.910035294415     
   4.6217628467152251E-002   36031.939241268403        28405.858142566223     
   4.6231582571050374E-002   13986.580531718482        11028.002800517976     
   4.6245536674948497E-002   132211.67181429616        75420.552698439948     
   4.6259490778846619E-002   178197.76744013865        102122.99046258122     
   4.6273444882744742E-002   16492.099054347465        6977.1093960120943     
   4.6287398986642865E-002   40976.188451394330        31129.334872626914     
   4.6301353090540988E-002   106280.39604224642        65245.001801691084     
   4.6315307194439111E-002   50498.441246651819        50495.912721439468     
   4.6329261298337233E-002   49469.273088130896        28436.039118228182     
   4.6343215402235356E-002   52701.821525163985        27567.602224676455     
   4.6357169506133479E-002   192902.40127094433        108264.35068617681     
   4.6371123610031602E-002   19637.313417936359        13601.836635252039     
   4.6385077713929725E-002   7881.6726545273359        4937.4694544602889     
   4.6399031817827847E-002   81381.422103099889        59881.113046071703     
   4.6412985921725970E-002   95382.050465481429        78203.001508952628     
   4.6426940025624093E-002   36478.575009255706        18963.079691771611     
   4.6440894129522216E-002   137676.61968709502        90777.576948103728     
   4.6454848233420339E-002   56988.950608053412        35141.979029422313     
   4.6468802337318461E-002   47729.985963861844        43712.633250590981     
   4.6482756441216584E-002   71138.107529936518        56209.392275387581     
   4.6496710545114707E-002   72221.912708851582        32093.335149100214     
   4.6510664649012830E-002   150589.19065682680        103510.28497380791     
   4.6524618752910953E-002   110492.24512651961        70161.633473834154     
   4.6538572856809075E-002   174517.10168268820        83205.967046612321     
   4.6552526960707198E-002   136140.99579635522        92467.980351384074     
   4.6566481064605321E-002   183419.38630002190        86864.117151588638     
   4.6580435168503444E-002   81107.108972769318        50384.918684360309     
   4.6594389272401567E-002   31941.330289793717        19439.241832710908     
   4.6608343376299689E-002   230790.90655743706        105679.31441106540     
   4.6622297480197812E-002   153321.87956929204        87557.052727076676     
   4.6636251584095935E-002   22934.772921124932        11706.292713523739     
   4.6650205687994058E-002   95321.321367790049        38759.801466160803     
   4.6664159791892180E-002   78207.716903137014        41845.811064773989     
   4.6678113895790303E-002   71087.455643341586        45669.904037500812     
   4.6692067999688426E-002   160350.34158561836        69463.070279770531     
   4.6706022103586549E-002   135937.57328268257        98306.298993058896     
   4.6719976207484672E-002   24514.376060119601        16621.258337016774     
   4.6733930311382794E-002   85486.298912854545        60679.811396024917     
   4.6747884415280917E-002   119204.28291616106        65030.051155277084     
   4.6761838519179040E-002   133926.30916691033        60476.543407803518     
   4.6775792623077163E-002   222149.16615143273        143619.51187234846     
   4.6789746726975286E-002   66206.135784986269        30290.473667028549     
   4.6803700830873408E-002   23800.615351825050        17319.220924035646     
   4.6817654934771531E-002   42976.168598858225        17062.156931331479     
   4.6831609038669654E-002   21769.970389486443        13440.780030087983     
   4.6845563142567777E-002   53336.410922369912        25018.746894382370     
   4.6859517246465900E-002   69376.729072814735        57183.936773195026     
   4.6873471350364022E-002   245396.41411331054        106811.79213658847     
   4.6887425454262145E-002   73126.489912106670        42412.461567123137     
   4.6901379558160268E-002   134439.29437517267        69796.575421576243     
   4.6915333662058391E-002   260022.04905420184        154233.59505530878     
   4.6929287765956514E-002   95863.410106067313        45036.433837774530     
   4.6943241869854636E-002   267776.58418450417        114542.28741220050     
   4.6957195973752759E-002   14051.769096137497        10482.279878060370     
   4.6971150077650882E-002   137012.67244805620        82005.396090457230     
   4.6985104181549005E-002   55563.039561388759        31961.347792677279     
   4.6999058285447128E-002   158981.86075242067        87131.845281787406     
   4.7013012389345250E-002   63749.960178256915        33964.758496260576     
   4.7026966493243373E-002   305071.96221425349        138555.25496921153     
   4.7040920597141496E-002   98635.481653620634        42606.582643700873     
   4.7054874701039619E-002   123939.96550921256        70893.305286493400     
   4.7068828804937742E-002   90253.030833086508        44196.532988863131     
   4.7082782908835864E-002   280175.83780087624        127042.30432538917     
   4.7096737012733987E-002   279765.00363007898        138796.04950112841     
   4.7110691116632110E-002   136618.93525482900        83497.915762327757     
   4.7124645220530233E-002   236703.58759969330        137766.68386844377     
   4.7138599324428355E-002   87280.435367551225        58390.470478174764     
   4.7152553428326478E-002   137858.89925454903        58803.740826056252     
   4.7166507532224601E-002   82668.522505153451        46347.018520878511     
   4.7180461636122724E-002   140986.73229951161        63730.658595609224     
   4.7194415740020847E-002   90171.977781037203        49442.500385482519     
   4.7208369843918969E-002   251656.81973678895        143034.38382880131     
   4.7222323947817092E-002   193493.09076379452        100234.80638570098     
   4.7236278051715215E-002   130367.54597422606        68367.282142121490     
   4.7250232155613338E-002   89023.626157506558        33772.980392392972     
   4.7264186259511461E-002   49084.384319554345        19422.700316428949     
   4.7278140363409583E-002   174990.10291055834        116705.59034325091     
   4.7292094467307706E-002   209733.11123722373        81746.908789609573     
   4.7306048571205829E-002   251095.95667965664        120111.50264493952     
   4.7320002675103952E-002   166833.10940434263        94282.710542291563     
   4.7333956779002075E-002   91319.895140543013        36437.866454021438     
   4.7347910882900197E-002   175691.22515825270        94592.035667372882     
   4.7361864986798320E-002   98554.169276120534        37441.155853011413     
   4.7375819090696443E-002   246058.47822788550        110299.15782261439     
   4.7389773194594566E-002   200434.24846234563        63420.982316786554     
   4.7403727298492689E-002   126932.10824323478        97839.281658683292     
   4.7417681402390811E-002   288678.15996387205        119854.01865887731     
   4.7431635506288934E-002   159611.88080782176        93826.104562876499     
   4.7445589610187057E-002   209708.43334898725        121565.23448750096     
   4.7459543714085180E-002   263654.34857125406        116132.95116194374     
   4.7473497817983303E-002   43895.976435846198        19989.215064311054     
   4.7487451921881425E-002   221154.29136233247        100969.86202912038     
   4.7501406025779548E-002   207168.86945842300        105212.79361832875     
   4.7515360129677671E-002   151158.15350685694        94688.252320129453     
   4.7529314233575794E-002   241747.60848648730        120235.55722364155     
   4.7543268337473917E-002   104199.54251415632        45562.621526259980     
   4.7557222441372039E-002   176227.66852707966        75107.684807394151     
   4.7571176545270162E-002   190632.04310216857        80223.054608738894     
   4.7585130649168285E-002   353079.04295079305        155459.10338293403     
   4.7599084753066408E-002   242127.83375471205        98291.906091237252     
   4.7613038856964530E-002   148071.42385512605        57227.569417992025     
   4.7626992960862653E-002   75838.641408855314        31169.377199650102     
   4.7640947064760776E-002   197339.97975486703        97987.569771946335     
   4.7654901168658899E-002   77864.344218850150        32198.466138675336     
   4.7668855272557022E-002   138192.14922991797        66354.098128916245     
   4.7682809376455144E-002   152578.46634019265        63877.011874650198     
   4.7696763480353267E-002   135606.72710248173        72151.513118897230     
   4.7710717584251390E-002   296891.72804280929        122020.79370254886     
   4.7724671688149513E-002   283149.26097985986        109094.74764091990     
   4.7738625792047636E-002   123433.67755334629        63728.742607535904     
   4.7752579895945758E-002   265503.80568999948        83560.278059154793     
   4.7766533999843881E-002   156988.29475430091        86684.863156884647     
   4.7780488103742004E-002   118033.42833401838        45449.060717350272     
   4.7794442207640127E-002   250404.90650534115        104897.94357367190     
   4.7808396311538250E-002   254677.42646784423        108771.30928143802     
   4.7822350415436372E-002   173178.77593364089        97563.779974111065     
   4.7836304519334495E-002   330644.79927830928        151253.50850571788     
   4.7850258623232618E-002   156105.07476523743        81709.500364116320     
   4.7864212727130741E-002   342427.80155230360        128749.41313704739     
   4.7878166831028864E-002   509940.34780163132        203042.43074154502     
   4.7892120934926986E-002   60482.179353900370        22195.951915178131     
   4.7906075038825109E-002   272339.14555020101        99310.514611994135     
   4.7920029142723232E-002   192013.94247764512        68846.601864508921     
   4.7933983246621355E-002   150242.96129012818        69326.929197973630     
   4.7947937350519478E-002   305369.76840226009        133343.75713175634     
   4.7961891454417600E-002   310618.70997457881        128153.14019742115     
   4.7975845558315723E-002   136965.92301001761        47405.992087693383     
   4.7989799662213846E-002   442081.02676535281        126056.09702932939     
   4.8003753766111969E-002   417563.11307178106        182209.14023121315     
   4.8017707870010091E-002   451074.28316206468        146852.80116074972     
   4.8031661973908214E-002   325861.21065419633        90739.748437578048     
   4.8045616077806337E-002   315655.00797744066        135531.22163479158     
   4.8059570181704460E-002   265677.59033958730        80282.968050123163     
   4.8073524285602583E-002   98336.118712286683        59343.340051705440     
   4.8087478389500705E-002   354421.83937397460        136930.00848588423     
   4.8101432493398828E-002   194848.87942731133        94943.879874246893     
   4.8115386597296951E-002   277642.04305011092        96926.813857710426     
   4.8129340701195074E-002   504059.11506163434        149647.41514181381     
   4.8143294805093197E-002   435099.38943910925        138597.35815571697     
   4.8157248908991319E-002   240384.76595446788        100010.02522854925     
   4.8171203012889442E-002   290758.15173848532        95175.030929778659     
   4.8185157116787565E-002   211654.10533273159        92590.173386553099     
   4.8199111220685688E-002   428661.00027753686        124285.68927914878     
   4.8213065324583811E-002   588225.33437658811        160997.69329475769     
   4.8227019428481933E-002   534601.09972707485        145699.92556428982     
   4.8240973532380056E-002   371029.38000464451        122008.88839198944     
   4.8254927636278179E-002   539966.00145082001        168233.40982887158     
   4.8268881740176302E-002   757298.64264454821        191382.33784776006     
   4.8282835844074425E-002   404446.17677439039        142017.16465940239     
   4.8296789947972547E-002   366051.00230828684        95891.699284873102     
   4.8310744051870670E-002   436717.00982449105        149568.89491275680     
   4.8324698155768793E-002   504390.62167643267        151263.79948997602     
   4.8338652259666916E-002   406059.18612965383        116948.11731033312     
   4.8352606363565039E-002   755116.57052844798        191851.62639749318     
   4.8366560467463161E-002   606245.17380360689        165468.37446516636     
   4.8380514571361284E-002   319447.17298424826        102419.06266169279     
   4.8394468675259407E-002   601862.82794972043        155509.42529737001     
   4.8408422779157530E-002   433159.98582159693        123280.66914071990     
   4.8422376883055653E-002   333316.43321343290        83294.463092833641     
   4.8436330986953775E-002   946463.10627760750        217793.27379009643     
   4.8450285090851898E-002   716603.32359907217        175665.37641235205     
   4.8464239194750021E-002   722192.08865330089        182368.99910009431     
   4.8478193298648144E-002   702156.64648196136        180148.12956924687     
   4.8492147402546266E-002   756357.46886140050        167166.74159270540     
   4.8506101506444389E-002   1062823.6493324630        247433.60417769151     
   4.8520055610342512E-002   1197381.0346402971        252843.47679537471     
   4.8534009714240635E-002   1200561.3789196729        221180.60558021904     
   4.8547963818138758E-002   702429.52393921255        187743.49833872379     
   4.8561917922036880E-002   743779.72361544624        161676.67333983720     
   4.8575872025935003E-002   1016630.3870698549        219008.48531537282     
   4.8589826129833126E-002   1356084.2257541437        260517.57257513341     
   4.8603780233731249E-002   1269688.2059169032        227931.34493631753     
   4.8617734337629372E-002   1030710.2321843602        218723.23417777554     
   4.8631688441527494E-002   1741765.8806388783        305659.15212143789     
   4.8645642545425617E-002   1407366.9187223979        262074.57767349292     
   4.8659596649323740E-002   1611289.3907944297        265733.12712741358     
   4.8673550753221863E-002   1570398.1601688224        245269.70175250547     
   4.8687504857119986E-002   1701185.9583429897        268121.16250418453     
   4.8701458961018108E-002   1905456.1178460775        306420.65864871512     
   4.8715413064916231E-002   1615591.4622033858        280905.05290534720     
   4.8729367168814354E-002   2464621.5998819424        336857.86017291975     
   4.8743321272712477E-002   2587960.9219248332        325693.71044168429     
   4.8757275376610600E-002   3096522.3758308864        386601.96879992780     
   4.8771229480508722E-002   4015137.3197719194        451177.39796106989     
   4.8785183584406845E-002   4279016.5856684875        420436.46574729955     
   4.8799137688304968E-002   6857646.0015498865        533138.81999262108     
   4.8813091792203091E-002   9393110.3834989239        633089.48353667872     
   4.8827045896101214E-002   84994685.675563246        2089196.9676342341     
