 -0.10000000000000001        37.399280145727523        5.3284544830204643     
  0.50066666666666670        61.324702828827867        7.7427780476585530     
   1.1013333333333333        47.966998971630794        7.5238075575151342     
   1.7020000000000000        34.406939596247568        6.0040852836523486     
   2.3026666666666666        22.890152095673290        5.3082437634043043     
   2.9033333333333333        18.140557212852219        4.8632593312952759     
   3.5040000000000000        15.691614741337451        4.2602643478453146     
   4.1046666666666667        13.090506214103650        3.8409263136022846     
   4.7053333333333338        15.113308137044120        4.9004537265494239     
   5.3060000000000009        15.013286568401226        4.4996178382438643     
   5.9066666666666681        11.074919852998931        3.6062728086838898     
   6.5073333333333352        7.8466330492569503        3.1387158062483786     
   7.1080000000000023        13.216666347260686        3.9868956301628038     
   7.7086666666666694        9.6210391560966375        3.0480945225782747     
   8.3093333333333366        6.5631555392558081        3.1448896576568881     
   8.9100000000000037        8.1505940955004821        3.1854192363129981     
   9.5106666666666708        3.4457321074526179        2.1239524657598916     
   10.111333333333338        9.7153943930284790        3.8422486457639895     
   10.712000000000005        3.9924381354914509        1.7305041048395007     
   11.312666666666672        5.9490320119896110        2.7861772312549564     
   11.913333333333339        4.4318021576131361        2.0647211324634092     
   12.514000000000006        4.2124003004171913        1.6185096666309622     
   13.114666666666674        2.8847829401421916        1.0775043010730625     
   13.715333333333341        11.088860196358405        4.0156789476602475     
   14.316000000000008        5.5959285651685411        2.1218893741391311     
   14.916666666666675        2.1725267094879368        1.1384924068490798     
   15.517333333333342        2.3275650383288107        1.3433375573666453     
   16.118000000000009       0.57955569835916076       0.34889182118078338     
   16.718666666666675        4.3674696365250529        2.0650184043907287     
   17.319333333333340        3.2261531198975177        1.1172008351401106     
   17.920000000000005        1.0884899650913378       0.52374385391397105     
   18.520666666666671        2.2801699572913816        1.7863901098234234     
   19.121333333333336        4.5118431328930590        2.8254783279591789     
   19.722000000000001        6.6543816753003320        2.3567270464618537     
   20.322666666666667        2.1518275866459877       0.90161297280068042     
   20.923333333333332        4.0719939702965844        1.8907688515822201     
   21.523999999999997        2.3197837391007585       0.87819886121329971     
   22.124666666666663        5.6277358356647840        2.4649029545229113     
   22.725333333333328        3.2821064751134159        1.6732202775092673     
   23.325999999999993        3.9685373624391138        2.2408611735730970     
   23.926666666666659        1.4423441931779202       0.70151048307752584     
   24.527333333333324        2.2869458031193446        1.3038789284408894     
   25.127999999999989        2.2751714671464258        1.0042405512594317     
   25.728666666666655        3.2569400681658403        1.3763119038747667     
   26.329333333333320        5.2070900307739008        2.0894848465743836     
   26.929999999999986        2.1643031156478050        1.0827254457933244     
   27.530666666666651        1.5040239043842658       0.67951106451862298     
   28.131333333333316        1.5582348187095900       0.84343958326697799     
   28.731999999999982        3.1496425216445725        1.8919932086578986     
   29.332666666666647        1.5217492303909619       0.50274263870932190     
   29.933333333333312       0.72141904530901801       0.41645870513948186     
   30.533999999999978        1.0502618368266736       0.73465830733820903     
   31.134666666666643        2.9722351053874974        1.9131688318090903     
   31.735333333333308        2.5621533149617277        1.5016730214744327     
   32.335999999999977        1.0713949193662706       0.63967919354334934     
   32.936666666666646       0.60174023543534561       0.22704559335018967     
   33.537333333333315        1.2154018502617010       0.49294104670242156     
   34.137999999999984       0.47855615429779330       0.19305449294805990     
   34.738666666666653        1.5079559248993029       0.47154987185350944     
   35.339333333333322        2.4274267209047142        1.3692759736337243     
   35.939999999999991        3.3960905547737665        2.0359720991580019     
   36.540666666666660        1.1493265571611266       0.51632627690126587     
   37.141333333333328       0.36858875308924594       0.17882211768178635     
   37.741999999999997        2.5657455324907152        1.4702588745734175     
   38.342666666666666       0.43600941114926933       0.18793570921692532     
   38.943333333333335        1.2894477982482802       0.95742441424192759     
   39.544000000000004        1.0549819510263401       0.49057143856967639     
   40.144666666666673        2.2638526622428299        1.0104650702419837     
   40.745333333333342       0.88142752021305504       0.32269727963746819     
   41.346000000000011        2.3733125594478186       0.89745198574621554     
   41.946666666666680        2.2808153459134970        1.8351479373992559     
   42.547333333333349       0.68429821631387100       0.34823831546133899     
   43.148000000000017        2.7397683448678416        1.1186232561126919     
   43.748666666666686        1.0990500028758412       0.74535156201399877     
   44.349333333333355        1.5171376077952961       0.97120308064239580     
   44.950000000000024        2.7470106542005470        1.4830194282324580     
   45.550666666666693        1.7806743059855390       0.71690490689099284     
   46.151333333333362       0.96683066650919802       0.31604135527391769     
   46.752000000000031        1.8113299924479245        1.1976023488152774     
   47.352666666666700        1.4113903977120243       0.46190929314242546     
   47.953333333333369        1.2629849305837053       0.67610828106351750     
   48.554000000000038        2.8456954018018488       0.94194998953459375     
   49.154666666666706        1.7594493141841927       0.86737313875634303     
   49.755333333333375        1.8861403573347992        1.1638972440023805     
   50.356000000000044        2.7038056965831867        1.7035865581057872     
   50.956666666666713        2.8832127008952479        1.3280149082596009     
   51.557333333333382        3.3596804858501716        1.2770985218742070     
   52.158000000000051        2.1379640066370760        1.3138180390767562     
   52.758666666666720        1.1356569291759604       0.39262550068415308     
   53.359333333333389        1.0817445314052077       0.50186276134349672     
   53.960000000000058       0.34378717380569535       0.15365266255968579     
   54.560666666666727       0.31542430544289846       0.15020910434517915     
   55.161333333333396       0.59897812087222924       0.24651158521784558     
   55.762000000000064        3.2491032076815602        1.7270503925106948     
   56.362666666666733        1.1643744155358791       0.46038441997285678     
   56.963333333333402        1.5590364209396510        1.0013964126649697     
   57.564000000000071        1.3858755748040752       0.55761793076009614     
   58.164666666666740        1.8176569577665997       0.80401242643641568     
   58.765333333333409        1.7212276261677186        1.1296952668609481     
   59.366000000000078        1.6868290735002776       0.71950013314194139     
   59.966666666666747       0.63342551114000645       0.26744706022264686     
   60.567333333333416        1.4484747075655755        1.0101398219208706     
   61.168000000000085        1.2667127431965661       0.54476545128360543     
   61.768666666666753        1.1936012424846894       0.72559656242930981     
   62.369333333333422        3.1413504890543069        1.6365502549549971     
   62.970000000000091       0.82379921123219535       0.31196888790249955     
   63.570666666666760        1.6359267251184628        1.3563861107419755     
   64.171333333333422        2.7337642451205366        1.6661459194951358     
   64.772000000000091       0.80078987044422967       0.34176982533146977     
   65.372666666666760        1.5033320801009449       0.73974239072078507     
   65.973333333333429       0.82364813557164573       0.40482885016051734     
   66.574000000000098       0.64797121456140283       0.27689454476179309     
   67.174666666666766       0.67537050372605234       0.27616320672527755     
   67.775333333333435        2.0486035773346720        1.4811649783581045     
   68.376000000000104        1.0255992157579379       0.50016648922732387     
   68.976666666666773        1.9995841567497525        1.0386025661044589     
   69.577333333333442        2.2724562234510497        1.6803616154210135     
   70.178000000000111       0.63746589507186424       0.26791371951507126     
   70.778666666666780        1.3003084396349833       0.54183717284236210     
   71.379333333333449       0.54757278158351708       0.18838349774824281     
   71.980000000000118        3.0911712748577092        1.5843254874053481     
   72.580666666666787        2.3020634624296408       0.74048110862781880     
   73.181333333333455       0.53573938211174099       0.21328117393652291     
   73.782000000000124        1.1941206602965615       0.37129619231487310     
   74.382666666666793        1.3487930011661644       0.55267882151741476     
   74.983333333333462        2.6843317091674881        1.6171622857373240     
   75.584000000000131       0.93461293722690986       0.52781726053514089     
   76.184666666666800        1.2463800204178250       0.58993490262124415     
   76.785333333333469        1.9040100517302740       0.71488786195165843     
   77.386000000000138       0.48954228238856445       0.22423595931958901     
   77.986666666666807        1.9542220974933424        1.3181348182432064     
   78.587333333333476        1.4828524674842474       0.64204214030148055     
   79.188000000000144        2.8529654371237605        1.3174830552211416     
   79.788666666666813       0.78308534451687395       0.37499230652272630     
   80.389333333333482        1.3509646423284920       0.55524960118918398     
   80.990000000000151        1.2127841519145586       0.42081492603125986     
   81.590666666666820       0.84835123208016427       0.24191443721707601     
   82.191333333333489        1.4915768191149787       0.52434419012112798     
   82.792000000000158       0.92822427781164663       0.34789613486995957     
   83.392666666666827       0.46273420550575095       0.24943605168609337     
   83.993333333333496       0.80242532307971737       0.29062475258755377     
   84.594000000000165        1.4098027869332479       0.44460007171622190     
   85.194666666666834       0.85001955512969174       0.30016473141660660     
   85.795333333333502        1.0123776038791641       0.44174509194543543     
   86.396000000000171        1.5523989567816441       0.62786519822413334     
   86.996666666666840        1.2191902843997753       0.72138931392771799     
   87.597333333333509        1.3919215301351040       0.56457084522972467     
   88.198000000000178        1.9307751896429912       0.74640390923031164     
   88.798666666666847        1.3257039600223532       0.61447203631133840     
   89.399333333333516       0.75758882735074884       0.24442743314313117     
   90.000000000000185        1.0244699722932553       0.30054348955786647     
   90.600666666666854        1.0741882961603302       0.50993148649160880     
   91.201333333333523       0.96615847004073852       0.39018680004003331     
   91.802000000000191       0.61727575422788716       0.22364746487600004     
   92.402666666666860       0.51835334200415839       0.20044240556949389     
   93.003333333333529       0.62119132070385319       0.27323730643483041     
   93.604000000000198       0.88181554628702175       0.31436862379384456     
   94.204666666666867        2.0517064798207638       0.93914958962660111     
   94.805333333333536        1.0966753941424467       0.40509705556426318     
   95.406000000000205        1.0068976658526150       0.32579421535442077     
   96.006666666666874       0.68697432028693706       0.26866201228604475     
   96.607333333333543        1.4384340246157776        1.0443422257074899     
   97.208000000000212        1.5101349616565214       0.62680908184957729     
   97.808666666666880       0.58669497738088727       0.21251803124366658     
   98.409333333333549        1.2321769519460017       0.50032942638634226     
   99.010000000000218        1.0850766672065784       0.79223378948294454     
   99.610666666666887        1.9013759977473688        1.1247040441081730     
   100.21133333333356        1.2654468446159874       0.56539869086366878     
   100.81200000000022        1.3146775721106216       0.57722733703626938     
   101.41266666666689       0.83593623114733906       0.31654369644737829     
   102.01333333333356       0.92790927190549433       0.49961107842446983     
   102.61400000000023       0.60618577167561749       0.19681389432052862     
   103.21466666666690       0.52960766220781208       0.19396225275937476     
   103.81533333333357       0.65644893451867847       0.28034067593201262     
   104.41600000000024        1.2236340644049417       0.41593690577695513     
   105.01666666666691       0.33020787475381064       0.12186817449277347     
   105.61733333333358       0.94831993104724654       0.40232343159420397     
   106.21800000000025       0.34718928806093430       0.16480049696658480     
   106.81866666666691        1.2871361099270622       0.42273662330152761     
   107.41933333333358       0.25870080936733247        9.6690516211372660E-002
   108.02000000000025       0.93509877997853585       0.54196260665866791     
   108.62066666666692        1.0557323609781675       0.46229838057175310     
   109.22133333333359       0.85453093025902416       0.28864919061102035     
   109.82200000000026       0.48127413146002640       0.17687650382478975     
   110.42266666666693       0.43871288185366242       0.16421016759820814     
   111.02333333333360       0.43798733379886157       0.23986769522446857     
   111.62400000000027        1.1838495311774688       0.38646409146231325     
   112.22466666666693        1.1115180585724993       0.41379787113438249     
   112.82533333333360       0.73373525754323377       0.43404125657375153     
   113.42600000000027       0.90440385815868662       0.50037190328906056     
   114.02666666666694       0.45624964750109226       0.19211542189490044     
   114.62733333333361        1.6069000257120256       0.59497912506104933     
   115.22800000000028       0.71207536285621897       0.31909719015855037     
   115.82866666666695        1.3292467726929662       0.56325324515758701     
   116.42933333333362       0.84558365028178817       0.54929081954604153     
   117.03000000000029       0.88260634927359638       0.37069943817620837     
   117.63066666666695       0.79586690802093896       0.31006813979639092     
   118.23133333333362        1.3520700508078565       0.47498435321061727     
   118.83200000000029        2.7762508323721131        1.6359659160215529     
   119.43266666666696        1.0409252149273063       0.60444227464419309     
   120.03333333333363        1.1570051932773675       0.35086918183383020     
   120.63400000000030        2.0305128922961151       0.92433309983575851     
   121.23466666666697       0.86972677277969301       0.36396266702042562     
   121.83533333333364       0.96447026539363812       0.36761492895558051     
   122.43600000000031        2.8520961418111042        1.5074431337594980     
   123.03666666666697       0.95852907093336692       0.59294458136877592     
   123.63733333333364        1.5100077264324432       0.52118955060893268     
   124.23800000000031        2.3207575230769790        1.3546195950182345     
   124.83866666666698       0.47986329537709294       0.21486555291862622     
   125.43933333333365        3.1053067465398474        1.5188113631418372     
   126.04000000000032       0.61676426944291707       0.27342800082895391     
   126.64066666666699        2.6408833245476293        1.0952812397690874     
   127.24133333333366        1.2379314378477055       0.57111012756716772     
   127.84200000000033       0.67303435444790061       0.26175845299769734     
   128.44266666666698       0.53546636677761572       0.22486061296788312     
   129.04333333333363        1.5771505159095502       0.71158638763528115     
   129.64400000000029        1.1884314658375521       0.46672098791819522     
   130.24466666666694       0.82298385810658514       0.33093091345383452     
   130.84533333333360       0.48489071115998644       0.22309927197146723     
   131.44600000000025        2.7310362422619092        2.2924457993549940     
   132.04666666666691        2.2329190558470056        1.2308155153937996     
   132.64733333333356       0.62191476494341635       0.32183068946045129     
   133.24800000000022        3.8586371939793045        2.1078739456142399     
   133.84866666666687       0.51516653385394251       0.21922233269103580     
   134.44933333333353        2.3390298863225718        1.0507686089882284     
   135.05000000000018       0.51892555095454684       0.21067070846661437     
   135.65066666666684        2.9213774096231258        2.1057607323403964     
   136.25133333333349        1.6638084610479611       0.65201841694006424     
   136.85200000000015        2.1508808139150171       0.88993074188956589     
   137.45266666666680       0.51941064315852115       0.20819352457509754     
   138.05333333333346        1.0022866521484679       0.46954465813095897     
   138.65400000000011       0.86545559538371442       0.34027040369039496     
   139.25466666666676        1.2640799446428035       0.39970914420029946     
   139.85533333333342       0.80476022570598493       0.42965061421679202     
   140.45600000000007        6.4412262933740516        2.6276884834470322     
   141.05666666666673        2.1295179633158625        1.4448203699550821     
   141.65733333333338       0.31668536468301345       0.14122431645458997     
   142.25800000000004       0.67907905881169894       0.32049065525554477     
   142.85866666666669       0.48043769149203769       0.19587642926431367     
   143.45933333333335        1.5043187530162951       0.45760352004799604     
   144.06000000000000        2.9574687692692536        1.3145994978633848     
   144.66066666666666        1.5297007457880740        1.0364229148860633     
   145.26133333333331        2.8024750975479225        1.2002875770265304     
   145.86199999999997        3.9337702855131678        2.1081324144020281     
   146.46266666666662        2.5657960832863971        1.5579286285415972     
   147.06333333333328        5.0076352130210475        2.4444354811316056     
   147.66399999999993       0.23897609995432792       0.15284543820300769     
   148.26466666666659        2.8429095502527080        1.4795158164205413     
   148.86533333333324        2.2935237467566494        1.0114304282990054     
   149.46599999999989        2.0729648468019151        1.3679963937346460     
   150.06666666666655        2.2677741532608739        1.0939363351002596     
   150.66733333333320        1.9116825165889570        1.0095698171105731     
   151.26799999999986       0.98269365489307925       0.55012851147771002     
   151.86866666666651       0.63675712752305902       0.27337966289091126     
   152.46933333333317        1.1564451865603660       0.48981133858441633     
   153.06999999999982        2.1321161329499136        1.5138405423872385     
   153.67066666666648        2.3412357020146679        1.3810396129248868     
   154.27133333333313        2.4507566925470488        1.0611786173703486     
   154.87199999999979        1.7020776584555071       0.83918646537334407     
   155.47266666666644        3.7301816538953636        1.6052791329445606     
   156.07333333333310        5.9739670531864473        2.2270476215201218     
   156.67399999999975        5.5267489116483501        2.7135235044041606     
   157.27466666666641        1.2391841358725528       0.54569402322889593     
   157.87533333333306        7.7496212098969144        3.1890872204209324     
   158.47599999999971        1.9703811330969530       0.76513536698102969     
   159.07666666666637        1.6072092800090079        1.2895318292491471     
   159.67733333333302        2.2100285009890661       0.92702499491639245     
   160.27799999999968       0.35051140108191942       0.21600373863066025     
   160.87866666666633        3.8853958678139104        1.9501471093621967     
   161.47933333333299        5.4669942833910214        2.4360981220956517     
   162.07999999999964        1.8315264448590574       0.89912324245785158     
   162.68066666666630        3.3168889564346467        1.5380793316517749     
   163.28133333333295        5.4591811417933132        2.2459957379393400     
   163.88199999999961       0.71850011333389197       0.46327242348439884     
   164.48266666666626        1.0036581903865194       0.76042943372738814     
   165.08333333333292        4.7054306058814612        2.0715959736048823     
   165.68399999999957        1.7319136890597042        1.0763601632622102     
   166.28466666666623        2.3279842153113575        1.2166745956743548     
   166.88533333333288        4.9113059000944768        1.9156273552812511     
   167.48599999999954        8.1040623143499602        3.5950126846280899     
   168.08666666666619        6.6723145261248069        2.6133540212790396     
   168.68733333333284        10.244095657893091        3.5320573385922476     
   169.28799999999950       0.78333631853968488       0.30994432661732851     
   169.88866666666615        4.3979268023273805        2.1530459529337023     
   170.48933333333281        7.1643187129265007        2.7992645188858600     
   171.08999999999946        11.234581837282347        3.4666960207715478     
   171.69066666666612        10.023739500853763        3.6566713085560103     
   172.29133333333277        2.7808159139076576        1.0760380969417624     
   172.89199999999943        7.8950153765424593        2.4795060581277095     
   173.49266666666608        12.581215835239645        4.1554953912531927     
   174.09333333333274        8.5080403017870214        2.7341323122908059     
   174.69399999999939        6.4281752428143024        2.7714484904960335     
   175.29466666666605        12.530947421444031        3.4001497745057030     
   175.89533333333270        19.505680865805452        5.3797082832363516     
   176.49599999999936        18.634088902629856        4.6937445319097684     
   177.09666666666601        14.494937613935052        3.4495775726252846     
   177.69733333333267        34.403799715544679        6.3225117536036635     
   178.29799999999932        35.825651930505749        6.4354390500162149     
   178.89866666666597        70.383992497510803        8.7109914222569476     
   179.49933333333263        35.485197550854508        4.8125275067519215     
