 -0.99999847691328769        895.95327274171802        244.14514266058978     
 -0.99333182040053247        1519.4945924815383        332.77650477125735     
 -0.98666516388777725        1241.4829744690235        284.09118848640509     
 -0.97999850737502203        1714.7393276825442        392.45991328109534     
 -0.97333185086226681        1571.2160631124607        304.71133591068843     
 -0.96666519434951159        1199.3093090801005        255.41189034719696     
 -0.95999853783675637        1419.6244506303115        318.88683022608149     
 -0.95333188132400115        1555.9502852837759        340.02190206211321     
 -0.94666522481124593        892.34478771264855        210.30974348191228     
 -0.93999856829849071        1232.2462534138840        271.45832527829572     
 -0.93333191178573549        1179.2479885387538        253.42324317915899     
 -0.92666525527298027        1209.9098002429153        285.08522629825796     
 -0.91999859876022505        1178.2038035697333        310.18809612857615     
 -0.91333194224746983        2603.8188610998714        681.99422843200011     
 -0.90666528573471461        1668.8757544080033        340.89354846622467     
 -0.89999862922195939        1015.9572326793107        260.29084254635706     
 -0.89333197270920417        942.66632330648463        257.67833802103303     
 -0.88666531619644895        1312.2600090012772        281.72270915929170     
 -0.87999865968369373        1970.2557038384532        379.21234442383559     
 -0.87333200317093851        1843.9519007381275        392.74136110292181     
 -0.86666534665818329        1396.7169592218304        344.22892136775431     
 -0.85999869014542807        1696.5097279699464        337.07931756996715     
 -0.85333203363267285        1260.8081689352355        274.58705535244030     
 -0.84666537711991763        1059.2011828306211        252.96566234023251     
 -0.83999872060716241        945.02851650637365        254.82509124868108     
 -0.83333206409440719        1317.3816713068381        276.57267809972706     
 -0.82666540758165197        1046.0975088830944        269.98723242733092     
 -0.81999875106889675        2174.2634198569931        568.54422150569246     
 -0.81333209455614153        1353.0465954089277        312.38830029854279     
 -0.80666543804338631        2116.5644003326629        415.04095243735298     
 -0.79999878153063109        1255.8125977207558        319.39421174941521     
 -0.79333212501787587        1455.8985277941838        308.58134931071390     
 -0.78666546850512065        974.31756730923314        288.82797818350014     
 -0.77999881199236543        1689.4307293109898        393.68604364972163     
 -0.77333215547961021        1448.8459460640649        307.33526582215120     
 -0.76666549896685499        1053.1021077808944        303.30597644568536     
 -0.75999884245409977        1282.4076527850007        359.44356719118093     
 -0.75333218594134455        753.34973045910988        199.27825919749418     
 -0.74666552942858933        1599.2394763060163        387.11349777513726     
 -0.73999887291583410        1648.6715299635916        387.82798062017901     
 -0.73333221640307888        1628.1654337493492        376.07422652629316     
 -0.72666555989032366        1340.4944038971164        358.51001665306353     
 -0.71999890337756844        1588.9765588319358        332.81139522691251     
 -0.71333224686481322        1250.3147445706820        289.17569732655471     
 -0.70666559035205800        1032.2613077324581        290.73790699245745     
 -0.69999893383930278        1318.7150210021268        376.37281093680571     
 -0.69333227732654756        1340.3685887578708        302.46763844600991     
 -0.68666562081379234        813.33698591351560        211.44091989117467     
 -0.67999896430103712        1384.7721699440117        330.99200323602423     
 -0.67333230778828190        1907.1813765016900        437.00068104254643     
 -0.66666565127552668        2045.6490520810250        447.16087315980946     
 -0.65999899476277146        1243.8956621262130        367.46864899986906     
 -0.65333233825001624        1532.8380053885232        405.00245206603887     
 -0.64666568173726102        1322.5471762490267        306.56554309435148     
 -0.63999902522450580        1386.8142203988295        361.06615383440288     
 -0.63333236871175058        1473.2310162772014        357.52321465290362     
 -0.62666571219899536        1426.3145090088412        359.28829609513491     
 -0.61999905568624014        923.23666431869174        267.74105517670682     
 -0.61333239917348492        1691.8288336272974        441.37498999238551     
 -0.60666574266072970        1285.0690218922482        335.35047191130326     
 -0.59999908614797448        1599.0105429100342        389.41224598676467     
 -0.59333242963521926        1203.6331202620161        315.18764719718814     
 -0.58666577312246404        1690.4216063751453        344.62597037280125     
 -0.57999911660970882        2868.4547006629891        1147.8021302311665     
 -0.57333246009695360        2059.2190772775821        495.25402020050740     
 -0.56666580358419838        1488.1181693293856        416.11431287900228     
 -0.55999914707144316        1809.1406205736569        519.01474704547923     
 -0.55333249055868794        1673.0430518888188        466.88698679078766     
 -0.54666583404593272        1128.6474658578170        346.00318220153963     
 -0.53999917753317750        1165.7319449698011        319.15833784786247     
 -0.53333252102042228        1532.2310319381868        419.21167488294719     
 -0.52666586450766706        1518.3889931034767        401.97499814408366     
 -0.51999920799491184        1417.8767191511408        423.85890560885332     
 -0.51333255148215662        1306.2594130378925        392.89292558972369     
 -0.50666589496940140        1843.2206313910369        437.94984968468913     
 -0.49999923845664612        1395.0644005188956        340.41478089848044     
 -0.49333258194389085        1668.4870427936646        473.98839791285496     
 -0.48666592543113557        955.24050001023238        312.55297077357335     
 -0.47999926891838030        1364.6176653544123        404.50003352250508     
 -0.47333261240562502        1515.2023945222822        439.06349740706730     
 -0.46666595589286974        1105.6015989226219        347.80465376604536     
 -0.45999929938011447        1544.1644054522658        378.81564788935424     
 -0.45333264286735919        1584.3685253345045        431.44019210262041     
 -0.44666598635460392        1405.9016275533440        358.48097762643704     
 -0.43999932984184864        1322.0080047087690        383.43746663994608     
 -0.43333267332909337        1569.0923012833646        335.93119339535320     
 -0.42666601681633809        1072.0541675079539        321.76200286425853     
 -0.41999936030358281        1600.6803343203794        445.79672738878162     
 -0.41333270379082754        1972.5896592694016        514.23434947430087     
 -0.40666604727807226        1787.5706506221791        453.99497645832020     
 -0.39999939076531699        745.94480257386863        246.91501497970722     
 -0.39333273425256171        995.46946841168813        313.39885176028650     
 -0.38666607773980644        1779.1062130988289        480.63845445767618     
 -0.37999942122705116        1933.3058139710110        506.86066658197507     
 -0.37333276471429588        2053.3181359532841        535.29676663112093     
 -0.36666610820154061        1475.2753511392198        381.29208709885916     
 -0.35999945168878533        884.54151923448069        269.17022163428305     
 -0.35333279517603006        1689.0370357479842        462.24736326549419     
 -0.34666613866327478        1313.5964507803287        389.67470299334377     
 -0.33999948215051951        1711.5833885424054        423.67460231496057     
 -0.33333282563776423        1203.2893383118094        391.58762876260062     
 -0.32666616912500895        1192.2906313273711        353.48021574171639     
 -0.31999951261225368        447.18190995175530        191.39452138047798     
 -0.31333285609949840        1601.6816139414113        466.23656775376207     
 -0.30666619958674313        1129.9889761511185        408.68716376958167     
 -0.29999954307398785        1863.6954745417836        497.11086916389991     
 -0.29333288656123258        1162.9911760292516        399.06081878534241     
 -0.28666623004847730        1505.8813858436445        391.55119427606138     
 -0.27999957353572202        922.59261023556849        362.70779754731916     
 -0.27333291702296675        1864.6885513396221        617.82314967510513     
 -0.26666626051021147        1107.8638938573874        287.75894777645925     
 -0.25999960399745620        951.09715184685660        349.41931786536122     
 -0.25333294748470092        1105.3390245813648        297.73338811270798     
 -0.24666629097194567        1720.4984908190152        478.24824666828272     
 -0.23999963445919043        1425.0322230866379        413.79424289633607     
 -0.23333297794643518        1023.1305160975653        341.51614460805234     
 -0.22666632143367993        1002.0079751187191        297.27308037352117     
 -0.21999966492092468        955.84044244686470        309.13872141161977     
 -0.21333300840816943        764.44236175592061        298.41104070230460     
 -0.20666635189541419        1577.9415273391401        470.31217308488516     
 -0.19999969538265894        1704.6603737208691        492.62368547556849     
 -0.19333303886990369        800.22363482794515        301.15218269390300     
 -0.18666638235714844        768.61049019999871        283.38882959772963     
 -0.17999972584439319        1018.7473322755374        370.36301940544428     
 -0.17333306933163795        1003.0669558336929        312.36440669647061     
 -0.16666641281888270        1716.6911593599830        456.65333998533083     
 -0.15999975630612745        1304.1903041047276        443.56529173783025     
 -0.15333309979337220        1626.7053802739213        472.79367401459211     
 -0.14666644328061695        579.77357368456330        160.57202604678307     
 -0.13999978676786171        1352.4011948756831        434.30510991320398     
 -0.13333313025510646        1055.7212821666101        309.86837413766528     
 -0.12666647374235121        1108.3155828185838        289.43840112854679     
 -0.11999981722959596        2088.5347186052209        570.34462803504334     
 -0.11333316071684071        710.62167383923418        234.19888213804236     
 -0.10666650420408547        1263.9522535393862        407.81196066008738     
  -9.9999847691330218E-002   937.50586125763186        254.32033723155598     
  -9.3333191178574970E-002   1962.4352521995254        620.62226249104322     
  -8.6666534665819722E-002   1658.8929871223559        491.87863209352810     
  -7.9999878153064474E-002   1193.9498937786034        399.39306651805248     
  -7.3333221640309226E-002   1002.2712917605389        321.15725147920665     
  -6.6666565127553978E-002   992.26827924936879        312.19481777159672     
  -5.9999908614798730E-002   879.98453663466626        260.67559839350650     
  -5.3333252102043482E-002   1296.8083032672885        328.69928905141091     
  -4.6666595589288234E-002   1152.2362659260921        338.85100314653681     
  -3.9999939076532987E-002   627.56452581140741        262.82809944759413     
  -3.3333282563777739E-002   807.56582810459395        282.16156660802250     
  -2.6666626051022487E-002   1275.3688337968304        426.66864169512314     
  -1.9999969538267236E-002   603.90635944298924        258.12689484782038     
  -1.3333313025511984E-002   1636.5595783791048        485.10745014249738     
  -6.6666565127567329E-003   1847.1120603663251        541.22479384553992     
  -1.4814538484841933E-015   857.26775639201048        274.38492707693388     
   6.6666565127537700E-003   1281.5904597576839        468.44034816215736     
   1.3333313025509021E-002   835.87873425103919        262.14089821112850     
   1.9999969538264273E-002   1425.1912681471281        423.83731366807126     
   2.6666626051019524E-002   857.71839852227890        319.13556872703771     
   3.3333282563774776E-002   1175.2491769436040        393.63444946573588     
   3.9999939076530031E-002   1337.9802809669677        377.43480516493588     
   4.6666595589285279E-002   710.46964082944282        193.83388817135125     
   5.3333252102040526E-002   677.33239960536571        224.72857072562076     
   5.9999908614795774E-002   1444.6575385025044        392.55959834994360     
   6.6666565127551022E-002   1375.2659494594893        439.05820710526325     
   7.3333221640306270E-002   1678.7479420760394        565.33818033592786     
   7.9999878153061518E-002   1227.7274988332242        431.94721386797551     
   8.6666534665816766E-002   795.86889169005087        262.18201784590508     
   9.3333191178572014E-002   1324.4961921793179        419.19735997492791     
   9.9999847691327262E-002   568.40277362051802        207.85417406485638     
  0.10666650420408251        878.56748799888226        281.60705023050690     
  0.11333316071683776        1390.1286523744611        422.09741931969370     
  0.11999981722959301        1498.2788441802304        417.13357682143175     
  0.12666647374234827        1840.4768925084441        562.71030792749286     
  0.13333313025510352        313.15552391209076        145.33331227175029     
  0.13999978676785876        844.47454204246105        310.54059564902667     
  0.14666644328061401        1159.2579946479059        376.99524415951589     
  0.15333309979336926        1224.5695744912566        386.54314330179204     
  0.15999975630612451        1329.5761822339009        418.45254169998401     
  0.16666641281887976        920.52931331192258        347.85338249213078     
  0.17333306933163500        389.47009456038808        153.11730756005650     
  0.17999972584439025        1179.8185482108242        365.43986658470698     
  0.18666638235714550        1266.1523438852566        342.03131567811459     
  0.19333303886990075        1396.3823718018457        411.28864393523452     
  0.19999969538265600        1438.9163415335061        478.34058258200236     
  0.20666635189541124        785.20316235208827        270.90833944850368     
  0.21333300840816649        1214.3413418538692        433.88090353380454     
  0.21999966492092174        474.61653664274286        197.18740521297434     
  0.22666632143367699        1423.9149251933038        593.71669647209114     
  0.23333297794643224        1327.1295672891242        392.57913532645551     
  0.23999963445918748        889.27276569484582        273.08841009136012     
  0.24666629097194273        774.08819625987633        302.21894006995967     
  0.25333294748469798        1234.3248189070728        402.38096012692756     
  0.25999960399745325        1878.3332597465487        466.20642942896245     
  0.26666626051020853        1831.6308955744475        495.45147823048535     
  0.27333291702296381        1068.3493675558357        318.82770230382806     
  0.27999957353571908        886.87471237887144        374.79278079783353     
  0.28666623004847436        895.47047030396982        256.65568920976665     
  0.29333288656122963        1009.8771731127848        302.45798719944537     
  0.29999954307398491        846.10751128686786        324.04449430743261     
  0.30666619958674018        1802.4221123628240        466.24870435180873     
  0.31333285609949546        699.62869848905291        292.92335662015194     
  0.31999951261225074        1591.9006060309346        469.75635086445550     
  0.32666616912500601        717.01804706970984        237.83552011490201     
  0.33333282563776129        1554.9120263061882        456.69498724037868     
  0.33999948215051656        975.48127177541903        328.18031712820306     
  0.34666613866327184        1466.3561495392637        421.21255161126214     
  0.35333279517602711        2267.4452970940965        513.05890465076720     
  0.35999945168878239        1634.4326199217403        513.74489992582721     
  0.36666610820153767        670.34836055249491        215.89345390265612     
  0.37333276471429294        1083.9741405068048        371.71188829994105     
  0.37999942122704822        2543.5776689658105        653.39073924577247     
  0.38666607773980349        1160.8655303508572        292.55701035738053     
  0.39333273425255877        683.81695996202643        205.53408930804849     
  0.39999939076531404        851.99928750771630        262.62702286091661     
  0.40666604727806932        1929.6788835054556        529.09979820549506     
  0.41333270379082460        1742.1636142566383        467.06492740744500     
  0.41999936030357987        1077.3680089799263        351.02212127396280     
  0.42666601681633515        1244.2894404986275        371.89837215910109     
  0.43333267332909042        1846.9764687750646        497.78880458988590     
  0.43999932984184570        1757.0044341943399        415.34819076565822     
  0.44666598635460097        790.08472566639648        259.15449268819100     
  0.45333264286735625        747.98382241184981        304.47963259295261     
  0.45999929938011153        959.95796902529378        219.57164067675421     
  0.46666595589286680        842.15238235174149        235.43978399133078     
  0.47333261240562208        1589.9087396981031        437.09385503698741     
  0.47999926891837735        889.03417949937557        301.73874884174495     
  0.48666592543113263        1488.1790610034568        361.67628896992585     
  0.49333258194388790        1258.8373492949788        321.60049792173402     
  0.49999923845664318        966.96217199549972        285.52815426152301     
  0.50666589496939840        1114.5165257300027        341.43876422212139     
  0.51333255148215362        1011.6084935213261        322.08306691870064     
  0.51999920799490884        1103.8877256045514        358.30436875842059     
  0.52666586450766406        1783.5898918162675        454.24807278538577     
  0.53333252102041928        889.36132563859314        296.95325089225105     
  0.53999917753317450        1108.7440449363530        331.12888256587809     
  0.54666583404592972        1217.9503448328394        360.59242522020878     
  0.55333249055868494        1097.6507985065875        324.29871333721343     
  0.55999914707144016        1211.8468897007142        527.76738510894199     
  0.56666580358419538        1260.6658347725590        320.47170524198714     
  0.57333246009695060        995.58753217437959        294.48527769500186     
  0.57999911660970582        1381.6220351220909        390.91170192076004     
  0.58666577312246104        1283.7352414773181        383.56754069896817     
  0.59333242963521626        1604.3548201411290        424.11168463016168     
  0.59999908614797148        1456.1962734451865        408.56519232210189     
  0.60666574266072670        775.28005075472220        267.48258497633395     
  0.61333239917348192        1096.0584394573254        357.81672988193458     
  0.61999905568623714        1238.4378115236775        303.31802778324067     
  0.62666571219899236        989.88162393297750        294.85215863520807     
  0.63333236871174758        1358.5768529832908        374.62766279137321     
  0.63999902522450280        882.04342092047125        263.15870293905016     
  0.64666568173725802        1191.0844145852800        314.23870614167060     
  0.65333233825001324        862.23958693894701        294.01519182368560     
  0.65999899476276846        630.09108476842289        182.39362421410092     
  0.66666565127552369        1029.1161301529116        308.82346648554022     
  0.67333230778827891        1123.1773987926670        359.94025076232919     
  0.67999896430103413        770.45891138256832        212.68251683724634     
  0.68666562081378935        1157.7353084219840        331.26873946170986     
  0.69333227732654457        1622.0977668405699        411.88386651379489     
  0.69999893383929979        1053.2667676087849        311.67223385107627     
  0.70666559035205501        1716.9033988457022        452.99222529377278     
  0.71333224686481023        1209.5246620588459        329.63541402390968     
  0.71999890337756545        1370.6893160409977        377.50859389441075     
  0.72666555989032067        1344.3100241939467        322.58921575635657     
  0.73333221640307589        958.76125765658458        274.47213608767487     
  0.73999887291583111        1022.1338952712634        274.67531974942528     
  0.74666552942858633        660.49805883549618        194.92053788786143     
  0.75333218594134155        719.17027127003814        222.99140590013829     
  0.75999884245409677        1137.4117064153734        323.76071437318359     
  0.76666549896685199        1325.3073758209132        306.22793731434246     
  0.77333215547960721        966.98391429395065        254.65629548692567     
  0.77999881199236243        1197.8076665669400        307.69719947718289     
  0.78666546850511765        1055.9845501136829        328.39884774233428     
  0.79333212501787287        940.76095860119926        252.97335993874339     
  0.79999878153062809        666.84811573644231        212.29577009972772     
  0.80666543804338331        1602.9721984276694        406.45168513327883     
  0.81333209455613853        1010.0035303842092        285.09861368645812     
  0.81999875106889375        1122.8661723684647        288.01808557604357     
  0.82666540758164897        1382.7365371411240        345.02007294726667     
  0.83333206409440419        893.47796350814679        267.09210322842648     
  0.83999872060715941        1626.9196713832450        345.39731393357084     
  0.84666537711991463        1357.9020420172565        347.80624112098144     
  0.85333203363266985        974.07745667766028        276.20767626208561     
  0.85999869014542507        975.47312257421970        291.98712836662168     
  0.86666534665818029        726.81745760815568        199.40238937933111     
  0.87333200317093551        929.33110674012300        248.53110532019062     
  0.87999865968369073        2064.1176481001439        449.15823072815755     
  0.88666531619644595        1408.4104556258339        360.99103731718259     
  0.89333197270920117        827.26325810303263        237.09105360489298     
  0.89999862922195639        1313.1639845758486        298.68417033193032     
  0.90666528573471161        1006.3356462616548        234.58354613553891     
  0.91333194224746683        1040.0270978351359        243.48049550219682     
  0.91999859876022205        2209.6365290795557        1138.1145691577515     
  0.92666525527297727        1198.1311617292163        270.31306648018329     
  0.93333191178573249        1015.2513340999134        287.71031972695494     
  0.93999856829848771        1012.6879640700819        236.32742925394862     
  0.94666522481124293        1510.0050789609904        311.35574930824970     
  0.95333188132399815        1470.0040268702428        340.83228184274003     
  0.95999853783675337        1048.4728429771815        274.36957529392203     
  0.96666519434950859        1262.0241878905940        308.34302700712703     
  0.97333185086226381        774.03023186878158        204.33045943342810     
  0.97999850737501903        1127.6678736901554        278.82692393734163     
  0.98666516388777425        838.29953953269160        216.92775903962450     
  0.99333182040052947        1761.5150349962025        705.72895848976248     
