 -0.10000000000000001        2981.4244019018092        53.184812169147108     
  0.50036666666666663        337.56370253978355        18.682115556315892     
   1.1007333333333333        162.49080507733265        13.112540888496056     
   1.7010999999999998        104.43355217136602        10.240587931278620     
   2.3014666666666663        76.203168652775361        8.8341602333318221     
   2.9018333333333328        60.224330116815494        7.5653046851873889     
   3.5021999999999993        54.516118459025911        8.6672354557001778     
   4.1025666666666663        31.901164873742946        5.2447327353581690     
   4.7029333333333332        26.334483575739092        5.0708419867790377     
   5.3033000000000001        30.866307350218015        6.1964685719380777     
   5.9036666666666671        20.396889790715562        4.4351925355285280     
   6.5040333333333340        11.368015565267079        2.9282708704331748     
   7.1044000000000009        17.055131837078132        4.6544205755925141     
   7.7047666666666679        14.840415075174135        4.2398843020215420     
   8.3051333333333339        14.090640158595393        3.7613203391249490     
   8.9055000000000000        8.8584025319735904        2.8983045580043436     
   9.5058666666666660        9.7018502819506196        3.0598353675284158     
   10.106233333333332        14.956269269038369        4.7118490331609060     
   10.706599999999998        11.685206640031618        3.7265881563666543     
   11.306966666666664        11.741522048119570        3.7977853655492746     
   11.907333333333330        7.0527049029840736        2.4015983476711837     
   12.507699999999996        7.8373411536031101        2.5513550889876697     
   13.108066666666662        5.0101769511902869        2.2727248445218016     
   13.708433333333328        5.6904878653679534        2.4033242762688745     
   14.308799999999994        2.4015223453793446        1.4084063013030366     
   14.909166666666660        7.5813191313804547        3.0215494406141321     
   15.509533333333327        5.5613378943328104        2.6752877620058872     
   16.109899999999993        1.7165778196917083        1.4292441996339003     
   16.710266666666659        3.5469613961091957        1.7708198696325581     
   17.310633333333325        5.5575752296904231        2.2236552534168470     
   17.910999999999991        3.6245675373257416        1.9222751425368947     
   18.511366666666657        2.0615959749546038       0.93552483140567755     
   19.111733333333323        1.5724988072061963        1.1374755024163286     
   19.712099999999989        4.3367057699075193        1.9752243985956788     
   20.312466666666655       0.50270038247065529       0.27218048308863863     
   20.912833333333321        5.4055509103379595        2.3660514316820929     
   21.513199999999987        1.4671968196192557        1.0609375115620128     
   22.113566666666653        2.6323327784329420        1.7256964712485716     
   22.713933333333319        1.4784334538531556        1.2305413494803799     
   23.314299999999985        2.5066728864414776        1.4524016430464510     
   23.914666666666651       0.94675826747828074       0.71836913495385424     
   24.515033333333317        1.2297976436317524       0.55988070904647058     
   25.115399999999983       0.17262458971748698       0.11210285701502423     
   25.715766666666649        2.7316684508782094        1.5512987758320471     
   26.316133333333315        2.6999909075463857        2.1466937136409250     
   26.916499999999981       0.31962403650047189       0.17937901080859298     
   27.516866666666647        1.0395062438880531       0.82448828471476054     
   28.117233333333314        2.5007818873323049        2.3645192372119079     
   28.717599999999980        2.2716180410972697        2.1926163389375488     
   29.317966666666646       0.34417865739418119       0.32704706551426210     
   29.918333333333312        1.3634795181589987       0.88270062963210516     
   30.518699999999978        1.1862482763775475       0.95527056443355762     
   31.119066666666644        5.1900350494583025E-002   5.1891263503268593E-002
   31.719433333333310        1.8238040641038749        1.1627161643248216     
   32.319799999999979        0.0000000000000000        0.0000000000000000     
   32.920166666666645        1.9696165889609278        1.1409324424528369     
   33.520533333333312       0.21630266410430435       0.19617191592681901     
   34.120899999999978       0.19290757805286218       0.19289086090060992     
   34.721266666666644       0.43307595062096121       0.26143821540522227     
   35.321633333333310        2.3453469200477420E-002   2.3450408788224495E-002
   35.921999999999976       0.14129236179407667       0.14125954507971136     
   36.522366666666642        3.6805540692654681E-002   3.1025605010078745E-002
   37.122733333333308        3.3003420318787797        2.5886004549915693     
   37.723099999999974        2.0894990104191806        1.9790061695335073     
   38.323466666666640        2.7455557384933305        1.8973256031630419     
   38.923833333333306        0.0000000000000000        0.0000000000000000     
   39.524199999999972       0.48083598481203882       0.41651238155228687     
   40.124566666666638        4.6213075149837045E-002   4.6208916118631226E-002
   40.724933333333304       0.39933934657205961       0.39623642427281081     
   41.325299999999970        2.0854890809621214        2.0821866417073660     
   41.925666666666636        1.3747899435632770E-002   1.3743455310921330E-002
   42.526033333333302       0.15162653711643620       0.15160980406588406     
   43.126399999999968        2.9152660105713122E-003   2.9150481526320198E-003
   43.726766666666634        1.9604709764408450E-003   1.9603706016115834E-003
   44.327133333333300       0.10086968838389389        9.4020798175897882E-002
   44.927499999999966        0.0000000000000000        0.0000000000000000     
   45.527866666666633        6.0080362256225575E-003   6.0076323918983147E-003
   46.128233333333299        0.0000000000000000        0.0000000000000000     
   46.728599999999965       0.14042171682419627       0.11714033153496972     
   47.328966666666631        1.0037059999250726       0.94350043622725721     
   47.929333333333297        2.6530623440700758        2.6386340675300932     
   48.529699999999963        2.6097410165968105E-002   2.6095364192842307E-002
   49.130066666666629        21.133475064568195        21.111586425795334     
   49.730433333333295        1.2999140431075785E-002   1.2997735346444205E-002
   50.330799999999961        4.7903940218854638E-003   4.1408642073552625E-003
   50.931166666666627        3.6946541620392896E-002   3.6943492596940589E-002
   51.531533333333293       0.49525238696307233       0.48448383096058423     
   52.131899999999959        0.0000000000000000        0.0000000000000000     
   52.732266666666625        4.6859848992325856E-002   4.6227522527170987E-002
   53.332633333333291        1.1621997837029412       0.82110084489322621     
   53.932999999999957        0.0000000000000000        0.0000000000000000     
   54.533366666666623       0.42836594426093305       0.42834170102006014     
   55.133733333333289        0.0000000000000000        0.0000000000000000     
   55.734099999999955       0.43249682647282067       0.43133263371112285     
   56.334466666666621        3.4978977033357964E-002   3.4975450749057113E-002
   56.934833333333287        1.5558678546962712E-002   1.5555186530636166E-002
   57.535199999999953        0.0000000000000000        0.0000000000000000     
   58.135566666666620        1.6266115589957482        1.6222093545531919     
   58.735933333333286        1.1795118575637924        1.1779339145729459     
   59.336299999999952        0.0000000000000000        0.0000000000000000     
   59.936666666666618        1.2016216746855594E-002   1.2015561465778250E-002
   60.537033333333284       0.31471265064955212       0.31466163960283572     
   61.137399999999950        0.0000000000000000        0.0000000000000000     
   61.737766666666616        0.0000000000000000        0.0000000000000000     
   62.338133333333282       0.97082682672456544       0.70101599916894464     
   62.938499999999948       0.47416061866103587       0.47409246765548646     
   63.538866666666614        0.0000000000000000        0.0000000000000000     
   64.139233333333280        0.0000000000000000        0.0000000000000000     
   64.739599999999953        5.0079206000918280E-002   5.0076584807752164E-002
   65.339966666666626        0.0000000000000000        0.0000000000000000     
   65.940333333333299        0.0000000000000000        0.0000000000000000     
   66.540699999999973       0.36570909083229719       0.36509702497934082     
   67.141066666666646        5.3292355644844314        5.3286461450760605     
   67.741433333333319        0.0000000000000000        0.0000000000000000     
   68.341799999999992        0.0000000000000000        0.0000000000000000     
   68.942166666666665        0.0000000000000000        0.0000000000000000     
   69.542533333333338        0.0000000000000000        0.0000000000000000     
   70.142900000000012       0.13042106761178668       0.13041419520669106     
   70.743266666666685        0.0000000000000000        0.0000000000000000     
   71.343633333333358        0.0000000000000000        0.0000000000000000     
   71.944000000000031        0.0000000000000000        0.0000000000000000     
   72.544366666666704        0.0000000000000000        0.0000000000000000     
   73.144733333333377       0.21441846465140477       0.19971016855693052     
   73.745100000000050        0.0000000000000000        0.0000000000000000     
   74.345466666666724        0.0000000000000000        0.0000000000000000     
   74.945833333333397        0.0000000000000000        0.0000000000000000     
   75.546200000000070        0.0000000000000000        0.0000000000000000     
   76.146566666666743        0.0000000000000000        0.0000000000000000     
   76.746933333333416        0.0000000000000000        0.0000000000000000     
   77.347300000000089        0.0000000000000000        0.0000000000000000     
   77.947666666666763        6.5601545723107113E-002   6.5595916380347952E-002
   78.548033333333436        0.0000000000000000        0.0000000000000000     
   79.148400000000109        0.0000000000000000        0.0000000000000000     
   79.748766666666782        0.0000000000000000        0.0000000000000000     
   80.349133333333455        0.0000000000000000        0.0000000000000000     
   80.949500000000128        0.0000000000000000        0.0000000000000000     
   81.549866666666802        0.0000000000000000        0.0000000000000000     
   82.150233333333475        3.2700610483276060        3.2695656971093854     
   82.750600000000148        0.0000000000000000        0.0000000000000000     
   83.350966666666821        0.0000000000000000        0.0000000000000000     
   83.951333333333494        0.0000000000000000        0.0000000000000000     
   84.551700000000167        0.0000000000000000        0.0000000000000000     
   85.152066666666840        5.5466024083030654E-002   5.5461320184104927E-002
   85.752433333333514        0.0000000000000000        0.0000000000000000     
   86.352800000000187        0.0000000000000000        0.0000000000000000     
   86.953166666666860        0.0000000000000000        0.0000000000000000     
   87.553533333333533        0.0000000000000000        0.0000000000000000     
   88.153900000000206        0.0000000000000000        0.0000000000000000     
   88.754266666666879        9.6525815770205333E-004   9.6519611314742077E-004
   89.354633333333553        0.0000000000000000        0.0000000000000000     
   89.955000000000226        0.0000000000000000        0.0000000000000000     
   90.555366666666899        0.0000000000000000        0.0000000000000000     
   91.155733333333572       0.68348389882186789       0.68330200024277921     
   91.756100000000245        0.0000000000000000        0.0000000000000000     
   92.356466666666918        0.0000000000000000        0.0000000000000000     
   92.956833333333591        0.0000000000000000        0.0000000000000000     
   93.557200000000265        0.0000000000000000        0.0000000000000000     
   94.157566666666938        0.0000000000000000        0.0000000000000000     
   94.757933333333611        0.0000000000000000        0.0000000000000000     
   95.358300000000284        0.0000000000000000        0.0000000000000000     
   95.958666666666957        0.0000000000000000        0.0000000000000000     
   96.559033333333630        0.0000000000000000        0.0000000000000000     
   97.159400000000304       0.17416197417192433       0.17375647426394403     
   97.759766666666977        0.0000000000000000        0.0000000000000000     
   98.360133333333650        0.0000000000000000        0.0000000000000000     
   98.960500000000323        0.0000000000000000        0.0000000000000000     
   99.560866666666996        0.0000000000000000        0.0000000000000000     
   100.16123333333367        0.0000000000000000        0.0000000000000000     
   100.76160000000034        0.0000000000000000        0.0000000000000000     
   101.36196666666702        0.0000000000000000        0.0000000000000000     
   101.96233333333369        0.0000000000000000        0.0000000000000000     
   102.56270000000036        34.012396574562906        33.806881722819334     
   103.16306666666704        0.0000000000000000        0.0000000000000000     
   103.76343333333371        0.0000000000000000        0.0000000000000000     
   104.36380000000038        0.0000000000000000        0.0000000000000000     
   104.96416666666705        0.0000000000000000        0.0000000000000000     
   105.56453333333373        0.0000000000000000        0.0000000000000000     
   106.16490000000040        0.0000000000000000        0.0000000000000000     
   106.76526666666707        0.0000000000000000        0.0000000000000000     
   107.36563333333375        0.0000000000000000        0.0000000000000000     
   107.96600000000042        0.0000000000000000        0.0000000000000000     
   108.56636666666709        1.0773498365382262E-002   1.0772895601604946E-002
   109.16673333333377        0.0000000000000000        0.0000000000000000     
   109.76710000000044        0.0000000000000000        0.0000000000000000     
   110.36746666666711        0.0000000000000000        0.0000000000000000     
   110.96783333333379        9.4696348764162663E-002   9.4690397323452621E-002
   111.56820000000046        0.0000000000000000        0.0000000000000000     
   112.16856666666713        0.0000000000000000        0.0000000000000000     
   112.76893333333381        0.0000000000000000        0.0000000000000000     
   113.36930000000048        0.0000000000000000        0.0000000000000000     
   113.96966666666715        0.0000000000000000        0.0000000000000000     
   114.57003333333382        0.0000000000000000        0.0000000000000000     
   115.17040000000050        0.0000000000000000        0.0000000000000000     
   115.77076666666717        0.0000000000000000        0.0000000000000000     
   116.37113333333384        0.0000000000000000        0.0000000000000000     
   116.97150000000052        0.0000000000000000        0.0000000000000000     
   117.57186666666719        0.0000000000000000        0.0000000000000000     
   118.17223333333386        0.0000000000000000        0.0000000000000000     
   118.77260000000054        0.0000000000000000        0.0000000000000000     
   119.37296666666721        0.0000000000000000        0.0000000000000000     
   119.97333333333388        0.0000000000000000        0.0000000000000000     
   120.57370000000056        0.0000000000000000        0.0000000000000000     
   121.17406666666723        0.0000000000000000        0.0000000000000000     
   121.77443333333390        0.0000000000000000        0.0000000000000000     
   122.37480000000058        0.0000000000000000        0.0000000000000000     
   122.97516666666725        0.0000000000000000        0.0000000000000000     
   123.57553333333392        0.0000000000000000        0.0000000000000000     
   124.17590000000060        0.0000000000000000        0.0000000000000000     
   124.77626666666727        0.0000000000000000        0.0000000000000000     
   125.37663333333394        0.0000000000000000        0.0000000000000000     
   125.97700000000061        0.0000000000000000        0.0000000000000000     
   126.57736666666729        0.0000000000000000        0.0000000000000000     
   127.17773333333396        0.0000000000000000        0.0000000000000000     
   127.77810000000063        0.0000000000000000        0.0000000000000000     
   128.37846666666729        0.0000000000000000        0.0000000000000000     
   128.97883333333397        0.0000000000000000        0.0000000000000000     
   129.57920000000064        0.0000000000000000        0.0000000000000000     
   130.17956666666731        0.0000000000000000        0.0000000000000000     
   130.77993333333399        0.0000000000000000        0.0000000000000000     
   131.38030000000066        0.0000000000000000        0.0000000000000000     
   131.98066666666733        0.0000000000000000        0.0000000000000000     
   132.58103333333401        0.0000000000000000        0.0000000000000000     
   133.18140000000068        0.0000000000000000        0.0000000000000000     
   133.78176666666735        0.0000000000000000        0.0000000000000000     
   134.38213333333402        0.0000000000000000        0.0000000000000000     
   134.98250000000070        0.0000000000000000        0.0000000000000000     
   135.58286666666737        0.0000000000000000        0.0000000000000000     
   136.18323333333404        0.0000000000000000        0.0000000000000000     
   136.78360000000072        0.0000000000000000        0.0000000000000000     
   137.38396666666739        0.0000000000000000        0.0000000000000000     
   137.98433333333406        0.0000000000000000        0.0000000000000000     
   138.58470000000074        0.0000000000000000        0.0000000000000000     
   139.18506666666741        0.0000000000000000        0.0000000000000000     
   139.78543333333408       0.12612417531627815       0.12610523633046430     
   140.38580000000076        0.0000000000000000        0.0000000000000000     
   140.98616666666743        0.0000000000000000        0.0000000000000000     
   141.58653333333410        0.0000000000000000        0.0000000000000000     
   142.18690000000078        0.0000000000000000        0.0000000000000000     
   142.78726666666745        0.0000000000000000        0.0000000000000000     
   143.38763333333412        0.0000000000000000        0.0000000000000000     
   143.98800000000080        0.0000000000000000        0.0000000000000000     
   144.58836666666747        0.0000000000000000        0.0000000000000000     
   145.18873333333414        0.0000000000000000        0.0000000000000000     
   145.78910000000081        0.0000000000000000        0.0000000000000000     
   146.38946666666749        0.0000000000000000        0.0000000000000000     
   146.98983333333416        0.0000000000000000        0.0000000000000000     
   147.59020000000083        0.0000000000000000        0.0000000000000000     
   148.19056666666751        0.0000000000000000        0.0000000000000000     
   148.79093333333418        0.0000000000000000        0.0000000000000000     
   149.39130000000085        0.0000000000000000        0.0000000000000000     
   149.99166666666753        0.0000000000000000        0.0000000000000000     
   150.59203333333420        0.0000000000000000        0.0000000000000000     
   151.19240000000087        0.0000000000000000        0.0000000000000000     
   151.79276666666755        0.0000000000000000        0.0000000000000000     
   152.39313333333422        0.0000000000000000        0.0000000000000000     
   152.99350000000089        0.0000000000000000        0.0000000000000000     
   153.59386666666757        0.0000000000000000        0.0000000000000000     
   154.19423333333424        0.0000000000000000        0.0000000000000000     
   154.79460000000091        0.0000000000000000        0.0000000000000000     
   155.39496666666759        0.0000000000000000        0.0000000000000000     
   155.99533333333426        0.0000000000000000        0.0000000000000000     
   156.59570000000093        0.0000000000000000        0.0000000000000000     
   157.19606666666760        0.0000000000000000        0.0000000000000000     
   157.79643333333428        0.0000000000000000        0.0000000000000000     
   158.39680000000095        0.0000000000000000        0.0000000000000000     
   158.99716666666762        6.8012195778758998E-003   6.8006994280087581E-003
   159.59753333333430        0.0000000000000000        0.0000000000000000     
   160.19790000000097        0.0000000000000000        0.0000000000000000     
   160.79826666666764        0.0000000000000000        0.0000000000000000     
   161.39863333333432        0.0000000000000000        0.0000000000000000     
   161.99900000000099        0.0000000000000000        0.0000000000000000     
   162.59936666666766        0.0000000000000000        0.0000000000000000     
   163.19973333333434        0.0000000000000000        0.0000000000000000     
   163.80010000000101        0.0000000000000000        0.0000000000000000     
   164.40046666666768        0.0000000000000000        0.0000000000000000     
   165.00083333333436        0.0000000000000000        0.0000000000000000     
   165.60120000000103        0.0000000000000000        0.0000000000000000     
   166.20156666666770        0.0000000000000000        0.0000000000000000     
   166.80193333333438        0.0000000000000000        0.0000000000000000     
   167.40230000000105        0.0000000000000000        0.0000000000000000     
   168.00266666666772        0.0000000000000000        0.0000000000000000     
   168.60303333333439        0.0000000000000000        0.0000000000000000     
   169.20340000000107        0.0000000000000000        0.0000000000000000     
   169.80376666666774        0.0000000000000000        0.0000000000000000     
   170.40413333333441        0.0000000000000000        0.0000000000000000     
   171.00450000000109        0.0000000000000000        0.0000000000000000     
   171.60486666666776        0.0000000000000000        0.0000000000000000     
   172.20523333333443        0.0000000000000000        0.0000000000000000     
   172.80560000000111        0.0000000000000000        0.0000000000000000     
   173.40596666666778        0.0000000000000000        0.0000000000000000     
   174.00633333333445        0.0000000000000000        0.0000000000000000     
   174.60670000000113        0.0000000000000000        0.0000000000000000     
   175.20706666666780        0.0000000000000000        0.0000000000000000     
   175.80743333333447        0.0000000000000000        0.0000000000000000     
   176.40780000000115        0.0000000000000000        0.0000000000000000     
   177.00816666666782        0.0000000000000000        0.0000000000000000     
   177.60853333333449        0.0000000000000000        0.0000000000000000     
   178.20890000000117        0.0000000000000000        0.0000000000000000     
   178.80926666666784        0.0000000000000000        0.0000000000000000     
   179.40963333333451        0.0000000000000000        0.0000000000000000     
