 -0.99999847691328769        122.06278588275799        5.3648062301422463     
 -0.99333182040053247        125.68663652983437        5.4501668604060809     
 -0.98666516388777725        119.78640536773659        5.3435823587487121     
 -0.97999850737502203        116.54986677909827        5.2848871940669468     
 -0.97333185086226681        119.98251510531681        5.3794511699160630     
 -0.96666519434951159        116.16651164680515        5.3173861224754075     
 -0.95999853783675637        119.74843307281452        5.4130785147106062     
 -0.95333188132400115        115.54542353759233        5.3343003672956417     
 -0.94666522481124593        106.49048226624042        5.1424031967535635     
 -0.93999856829849071        122.75928379183361        5.5320978075989142     
 -0.93333191178573549        115.37463381183902        5.3846393434427808     
 -0.92666525527298027        128.21909480695854        5.6968955925873939     
 -0.91999859876022505        112.25099662931244        5.3456725584916462     
 -0.91333194224746983        114.22698724373249        5.4089283046084748     
 -0.90666528573471461        113.12006970141411        5.3994384201236922     
 -0.89999862922195939        128.60758728667679        5.7778897058401002     
 -0.89333197270920417        112.97282796322726        5.4362954279245326     
 -0.88666531619644895        111.91530041935327        5.4299712724038400     
 -0.87999865968369373        119.35722851848000        5.6390306161152273     
 -0.87333200317093851        118.35758767840413        5.6299879754279845     
 -0.86666534665818329        112.19826382837321        5.4895100085881925     
 -0.85999869014542807        115.46929835232709        5.5891493950983175     
 -0.85333203363267285        120.61999284879498        5.7246186899714377     
 -0.84666537711991763        111.86097546312803        5.5334462889658793     
 -0.83999872060716241        111.81809585007773        5.5518997329536424     
 -0.83333206409440719        116.40422527015176        5.6884105264863996     
 -0.82666540758165197        113.38221859193516        5.6225963132935917     
 -0.81999875106889675        113.34724825494767        5.6418754152559245     
 -0.81333209455614153        115.81907521532358        5.7292155611064253     
 -0.80666543804338631        119.79893387066878        5.8472632062900187     
 -0.79999878153063109        116.99462532273458        5.8305386631560054     
 -0.79333212501787587        132.67361817870338        6.1919702781139483     
 -0.78666546850512065        127.59447573399265        6.0833324484047058     
 -0.77999881199236543        134.22226886890323        6.2574215073874875     
 -0.77333215547961021        117.18952477003661        5.8772906554804365     
 -0.76666549896685499        112.19399805710371        5.7597280771164616     
 -0.75999884245409977        115.38059919392941        5.8613719330614620     
 -0.75333218594134455        123.77657109558864        6.0928764256389982     
 -0.74666552942858933        118.08755554230265        5.9755855386151744     
 -0.73999887291583410        109.68871484556134        5.7787195120740282     
 -0.73333221640307888        116.17502837834688        5.9799087122891708     
 -0.72666555989032366        126.10520366880162        6.2303647966800790     
 -0.71999890337756844        130.52239886368727        6.3554378463373151     
 -0.71333224686481322        119.87069108079498        6.1053793871178170     
 -0.70666559035205800        107.58193956199014        5.8074049981177680     
 -0.69999893383930278        118.71752090154573        6.1272102270754472     
 -0.69333227732654756        117.38069030780647        6.0993174381855271     
 -0.68666562081379234        119.30657983940600        6.1908923303896435     
 -0.67999896430103712        118.61457781182104        6.1886648559126716     
 -0.67333230778828190        111.71805359698857        6.0130509522397944     
 -0.66666565127552668        123.49113364530773        6.3396662730862179     
 -0.65999899476277146        122.03558184799378        6.3239835536097164     
 -0.65333233825001624        115.28125561684234        6.1600856308097631     
 -0.64666568173726102        113.79712542631611        6.1428985407417738     
 -0.63999902522450580        111.58113778661321        6.0952509914792996     
 -0.63333236871175058        120.29479554600050        6.3463955391791558     
 -0.62666571219899536        119.73378766858208        6.4162629732678598     
 -0.61999905568624014        107.16284369787728        6.0284284926244940     
 -0.61333239917348492        105.04352426657789        5.9957183601455215     
 -0.60666574266072970        116.55460652375686        6.3289969647722488     
 -0.59999908614797448        120.75373039645747        6.4617865281612223     
 -0.59333242963521926        101.71339985478396        5.9744014795043840     
 -0.58666577312246404        120.44520660726984        6.4922440628944544     
 -0.57999911660970882        105.39806666960854        6.0964100495340343     
 -0.57333246009695360        112.49422876841963        6.3082722431266465     
 -0.56666580358419838        114.23157878772314        6.3955169053938672     
 -0.55999914707144316        127.21992623738740        6.7401415612983744     
 -0.55333249055868794        111.58607975507344        6.3380804510019493     
 -0.54666583404593272        113.07643025657289        6.3917009918173422     
 -0.53999917753317750        110.68280991718427        6.3489031018164734     
 -0.53333252102042228        117.02925656211566        6.5521920362257662     
 -0.52666586450766706        112.46701298057324        6.4300094052180281     
 -0.51999920799491184        131.15110276980167        6.9879276283061689     
 -0.51333255148215662        113.45860888515638        6.4973820827247089     
 -0.50666589496940140        128.73310097742822        6.9389805564095637     
 -0.49999923845664612        111.83965766435949        6.4908889191594996     
 -0.49333258194389085        123.33033018714507        6.8194994386560488     
 -0.48666592543113557        109.51315891435092        6.4890540340916827     
 -0.47999926891838030        113.70649530388408        6.5992254051696317     
 -0.47333261240562502        131.24475432017761        7.0951594831128268     
 -0.46666595589286974        113.07101461027075        6.6072932177445480     
 -0.45999929938011447        108.37287157344970        6.4906988166671811     
 -0.45333264286735919        120.86903201981144        6.8989175228134663     
 -0.44666598635460392        117.05539259268092        6.7935478070322146     
 -0.43999932984184864        108.48843709103579        6.5450022437638058     
 -0.43333267332909337        109.38825326730826        6.5753009434365275     
 -0.42666601681633809        118.08465228589952        6.8649459410318112     
 -0.41999936030358281        114.04038045548187        6.7455293526791991     
 -0.41333270379082754        120.09305893591822        6.9347725837536398     
 -0.40666604727807226        118.11052047862717        6.9136233580766229     
 -0.39999939076531699        120.06222842512787        6.9799368312349568     
 -0.39333273425256171        109.26076936568157        6.6652071696522608     
 -0.38666607773980644        116.61534787000919        6.8978452558611130     
 -0.37999942122705116        113.04688771705504        6.8200114014309907     
 -0.37333276471429588        119.59904528486325        7.0372228858629633     
 -0.36666610820154061        123.18625692599528        7.1494087984742345     
 -0.35999945168878533        125.71733883772730        7.2232867560249368     
 -0.35333279517603006        109.26790741744463        6.7546685358435239     
 -0.34666613866327478        115.90436810265238        6.9669823189175348     
 -0.33999948215051951        123.44762104552838        7.2260198213396016     
 -0.33333282563776423        120.19008269464896        7.1218309710183938     
 -0.32666616912500895        104.93268325317246        6.6819928291635176     
 -0.31999951261225368        113.37762258558156        6.9423796025683826     
 -0.31333285609949840        121.45023106788244        7.2348264168782146     
 -0.30666619958674313        116.28460677161594        7.0803941666498069     
 -0.29999954307398785        110.90134343003467        6.9359742902736041     
 -0.29333288656123258        107.59134601133265        6.8373563214498141     
 -0.28666623004847730        112.87870223786410        6.9913347965972266     
 -0.27999957353572202        117.72124425408320        7.1678878948995939     
 -0.27333291702296675        114.54003372919642        7.1078419400695418     
 -0.26666626051021147        115.70650212934643        7.1389357773039848     
 -0.25999960399745620        125.55566835005665        7.4266568393818391     
 -0.25333294748470092        116.74205342905931        7.1754696299810590     
 -0.24666629097194567        117.08791095850023        7.2103969599124316     
 -0.23999963445919043        128.02153401416135        7.5459726514417298     
 -0.23333297794643518        110.33323770793186        7.0401960120746150     
 -0.22666632143367993        111.48851188927252        7.0849851753986561     
 -0.21999966492092468        144.85202447465900        8.0467381623502163     
 -0.21333300840816943        118.24542052465762        7.2817209127089564     
 -0.20666635189541419        106.83297949560013        6.9313111377623837     
 -0.19999969538265894        120.68030340556750        7.3756365600170577     
 -0.19333303886990369        116.97104766521943        7.2728821552839298     
 -0.18666638235714844        118.31347049389299        7.3420478711917481     
 -0.17999972584439319        127.05849900498130        7.6235311450498626     
 -0.17333306933163795        109.92063860932842        7.0720664315057444     
 -0.16666641281888270        118.59271939913940        7.3879997259182044     
 -0.15999975630612745        113.53699592069204        7.2006575542513929     
 -0.15333309979337220        136.53633597391200        7.9510961685547752     
 -0.14666644328061695        109.28066420039134        7.0900943503738558     
 -0.13999978676786171        127.39357889295269        7.6714825311797119     
 -0.13333313025510646        114.48196726198010        7.2605811042794208     
 -0.12666647374235121        118.26386591395719        7.3820213346449908     
 -0.11999981722959596        113.36280591201641        7.2484110133348656     
 -0.11333316071684071        126.55064749109226        7.6487230649156714     
 -0.10666650420408547        114.72644693628561        7.2908355693080615     
  -9.9999847691330218E-002   131.80647988893963        7.8239566247577441     
  -9.3333191178574970E-002   116.65076690905288        7.3683833814319639     
  -8.6666534665819722E-002   127.16545677311423        7.7000008994244853     
  -7.9999878153064474E-002   103.50906782257323        6.9550371063959462     
  -7.3333221640309226E-002   125.55095747586736        7.6876571050406266     
  -6.6666565127553978E-002   130.69294666781244        7.8134236771803538     
  -5.9999908614798730E-002   118.64171244004437        7.4494655400581866     
  -5.3333252102043482E-002   132.35264424284458        7.8564059585700727     
  -4.6666595589288234E-002   130.72077073784732        7.8151077645861715     
  -3.9999939076532987E-002   107.92471950817441        7.1081375228569836     
  -3.3333282563777739E-002   114.25972582069249        7.3359284030097269     
  -2.6666626051022487E-002   120.00223796509000        7.5052014541407708     
  -1.9999969538267236E-002   115.30541843340215        7.3425552198967701     
  -1.3333313025511984E-002   133.21640329465268        7.8936976614359802     
  -6.6666565127567329E-003   116.90762939432314        7.3994755768732441     
  -1.4814538484841933E-015   118.30333145114146        7.5027834816938181     
   6.6666565127537700E-003   121.58809700056844        7.5746134076527705     
   1.3333313025509021E-002   128.01777921429667        7.7658973889774137     
   1.9999969538264273E-002   129.31301606272521        7.7870994099723578     
   2.6666626051019524E-002   112.62299665439023        7.2610371745959954     
   3.3333282563774776E-002   124.96458073858336        7.6518367400403102     
   3.9999939076530031E-002   113.28294465156418        7.2732825738753712     
   4.6666595589285279E-002   122.21567623473241        7.5695828907492748     
   5.3333252102040526E-002   114.27532176598393        7.3067770991207217     
   5.9999908614795774E-002   123.73621111560779        7.5909765723799971     
   6.6666565127551022E-002   119.41254817498914        7.4683266896663758     
   7.3333221640306270E-002   108.49034658352694        7.1608943774729523     
   7.9999878153061518E-002   109.92030406210662        7.1772272379885891     
   8.6666534665816766E-002   113.96476826730033        7.2720146241993673     
   9.3333191178572014E-002   114.67845396668889        7.3174871762470168     
   9.9999847691327262E-002   115.34887026697737        7.3155472770178163     
  0.10666650420408251        124.16412356244791        7.6171119783478556     
  0.11333316071683776        112.90314479152835        7.2190560464438853     
  0.11999981722959301        124.88804302355982        7.5901594891344084     
  0.12666647374234827        112.78899820505320        7.2117380665998008     
  0.13333313025510352        112.36038404336817        7.1843508366428006     
  0.13999978676785876        126.18947743917434        7.6268383676066449     
  0.14666644328061401        111.27258806484362        7.1441881683040807     
  0.15333309979336926        111.66585794868132        7.1399464359748608     
  0.15999975630612451        118.44537317905780        7.3502868647884716     
  0.16666641281887976        115.39953690555086        7.2747252742461885     
  0.17333306933163500        110.54818352337229        7.0830434753167149     
  0.17999972584439025        101.88875309786766        6.8000795862544816     
  0.18666638235714550        128.73879153113359        7.6283680595206942     
  0.19333303886990075        124.15412197624796        7.5314489447639170     
  0.19999969538265600        116.37518825775649        7.2498975981636642     
  0.20666635189541124        114.70720972500330        7.1740660974927204     
  0.21333300840816649        129.13207159555358        7.6114294154577129     
  0.21999966492092174        129.51811507906083        7.5945309158923280     
  0.22666632143367699        112.36905680340216        7.0696505273764707     
  0.23333297794643224        114.36818858689746        7.1248997729632073     
  0.23999963445918748        113.47757654679286        7.0971298493547508     
  0.24666629097194273        118.89578409540172        7.2394344070222001     
  0.25333294748469798        117.09821006718616        7.1701928692835883     
  0.25999960399745325        126.23271383173460        7.4405511687561470     
  0.26666626051020853        108.01509897561097        6.8643415569170374     
  0.27333291702296381        110.38782575541860        6.9312264224657572     
  0.27999957353571908        119.67696624641923        7.2331908163081264     
  0.28666623004847436        122.62573279613815        7.2790058218844580     
  0.29333288656122963        114.75785032773373        7.0268845350106552     
  0.29999954307398491        115.78953053886788        7.0634328534966029     
  0.30666619958674018        125.69099335871523        7.3321548345000247     
  0.31333285609949546        117.45963231942686        7.0862143029040752     
  0.31999951261225074        105.64122253455628        6.6998773049271563     
  0.32666616912500601        126.42041095257798        7.3246895455769154     
  0.33333282563776129        121.75417703875833        7.1516564078965583     
  0.33999948215051656        121.13726007386548        7.1277732003812480     
  0.34666613866327184        129.99131721825793        7.3715197963098369     
  0.35333279517602711        117.19546475308030        6.9814470476651289     
  0.35999945168878239        118.11499300355680        7.0111968490762600     
  0.36666610820153767        106.65936764360946        6.6317379445749296     
  0.37333276471429294        120.77940614513444        7.0336380899409248     
  0.37999942122704822        119.84824117631106        6.9913462841014562     
  0.38666607773980349        124.81116596187383        7.1240379796870537     
  0.39333273425255877        139.66816604960792        7.5283720835042756     
  0.39999939076531404        117.53979327532021        6.8921172451898665     
  0.40666604727806932        118.75211069031741        6.9037903913877576     
  0.41333270379082460        128.69710563778091        7.1604585268282683     
  0.41999936030357987        114.17848330547407        6.7300689837265475     
  0.42666601681633515        120.06106260038865        6.9097091687562155     
  0.43333267332909042        107.87496497622426        6.5199510248168915     
  0.43999932984184570        114.49530522853981        6.6905461423296400     
  0.44666598635460097        113.24351424784511        6.6402343093111229     
  0.45333264286735625        116.63111633303077        6.7235849647674693     
  0.45999929938011153        111.38337992380210        6.5767402132854116     
  0.46666595589286680        123.97757139657529        6.9193762864303165     
  0.47333261240562208        122.34177316171400        6.8281669019030131     
  0.47999926891837735        121.39304626878685        6.7858563449219984     
  0.48666592543113263        119.78057366967238        6.7275141839878545     
  0.49333258194388790        119.08257404588439        6.6883178873995872     
  0.49999923845664318        112.91190580670290        6.5091403780144761     
  0.50666589496939840        118.15665223120280        6.6258084009738694     
  0.51333255148215362        113.72679384359307        6.4913464037997297     
  0.51999920799490884        109.43705236497480        6.3407493846387508     
  0.52666586450766406        111.59935365027465        6.3909116751477111     
  0.53333252102041928        127.99411516379898        6.8198161921343745     
  0.53999917753317450        122.18745820231149        6.6447464672965157     
  0.54666583404592972        121.20076363494273        6.6107646239020657     
  0.55333249055868494        111.37852412405364        6.3160420040019103     
  0.55999914707144016        123.56416042302497        6.6409308575859916     
  0.56666580358419538        117.36572834531637        6.4500652231681812     
  0.57333246009695060        113.77381472561639        6.3301251609453608     
  0.57999911660970582        118.36342899534726        6.4367667241153326     
  0.58666577312246104        120.09820208817679        6.4547142982410168     
  0.59333242963521626        123.80741234386392        6.5408606940401972     
  0.59999908614797148        116.30439490367708        6.3154337277594310     
  0.60666574266072670        123.75405177082845        6.5106117749473373     
  0.61333239917348192        116.00248108352041        6.2711690903668726     
  0.61999905568623714        118.16809121671707        6.3416517950307236     
  0.62666571219899236        113.24411546890303        6.1584030228272093     
  0.63333236871174758        113.32420021005052        6.1444838989322008     
  0.63999902522450280        116.87057746939792        6.2360004130625244     
  0.64666568173725802        111.26391595495505        6.0687483499441042     
  0.65333233825001324        121.27754489224614        6.3017804086739115     
  0.65999899476276846        105.93935704028416        5.8759581504132390     
  0.66666565127552369        111.01233514327896        5.9925759907383567     
  0.67333230778827891        104.33365655466167        5.7869261977822557     
  0.67999896430103413        120.43629062715200        6.1993377459172416     
  0.68666562081378935        110.74079926665019        5.9259987143497472     
  0.69333227732654457        130.00452302263051        6.3994592297114083     
  0.69999893383929979        126.65832078284917        6.3044020380447794     
  0.70666559035205501        122.41893058547042        6.1867667921266110     
  0.71333224686481023        117.14770971207390        6.0300238109082835     
  0.71999890337756545        124.12611455949722        6.1783816886052172     
  0.72666555989032067        116.79538053319806        5.9958533800991720     
  0.73333221640307589        118.44712372521623        5.9938241945019817     
  0.73999887291583111        116.07518440980384        5.9352991370010333     
  0.74666552942858633        106.77703525199760        5.6650556995268380     
  0.75333218594134155        108.57273598700334        5.6882318741019091     
  0.75999884245409677        108.74570120465218        5.6738128138642105     
  0.76666549896685199        117.11612380349490        5.8662165168194909     
  0.77333215547960721        112.88742439472136        5.7421903149480098     
  0.77999881199236243        111.30085585897757        5.6837591792019371     
  0.78666546850511765        123.76243568902586        5.9834767035797540     
  0.79333212501787287        115.32114760473270        5.7473056935542788     
  0.79999878153062809        115.93777552612562        5.7492945215671440     
  0.80666543804338331        120.61073558520593        5.8380374248921063     
  0.81333209455613853        119.29207931977993        5.7947567015569668     
  0.81999875106889375        119.47093011612128        5.7760335769904776     
  0.82666540758164897        109.83732857224294        5.5225980165286819     
  0.83333206409440419        114.90479373702053        5.6355196682447213     
  0.83999872060715941        123.99627817650585        5.8255680346793781     
  0.84666537711991463        116.87116681274581        5.6370752807841118     
  0.85333203363266985        124.64067058445269        5.7980299794005168     
  0.85999869014542507        124.29117448120589        5.7754501270342375     
  0.86666534665818029        113.25589630657805        5.4950304347555905     
  0.87333200317093551        111.33948707342149        5.4278910792587736     
  0.87999865968369073        111.95127850858465        5.4317139400987502     
  0.88666531619644595        120.70242344091695        5.6148206740618924     
  0.89333197270920117        114.41705863944526        5.4488326591975333     
  0.89999862922195639        116.85977746310554        5.4902852927834118     
  0.90666528573471161        120.78373054763333        5.5701096660241163     
  0.91333194224746683        115.53205964620591        5.4218780873249006     
  0.91999859876022205        119.51007779905851        5.5113394799428992     
  0.92666525527297727        126.91226968458008        5.6501028437946710     
  0.93333191178573249        118.51235208404965        5.4420607108548227     
  0.93999856829848771        106.14247266828906        5.1376792916820833     
  0.94666522481124293        118.98386580655949        5.4121320024365982     
  0.95333188132399815        118.90765973768048        5.3918009475669928     
  0.95999853783675337        128.65785400602334        5.5896310356188685     
  0.96666519434950859        117.58873261414115        5.3319648377580915     
  0.97333185086226381        119.24694169204639        5.3518754283918479     
  0.97999850737501903        127.02766206949484        5.4978741736874541     
  0.98666516388777425        114.26817502191643        5.1976403047246622     
  0.99333182040052947        121.77039519675701        5.3467983234499243     
