  0.99999847691328769        0.0000000000000000        0.0000000000000000     
  0.99999848199024344        0.0000000000000000        0.0000000000000000     
  0.99999848706719918        0.0000000000000000        0.0000000000000000     
  0.99999849214415493        0.0000000000000000        0.0000000000000000     
  0.99999849722111067        0.0000000000000000        0.0000000000000000     
  0.99999850229806642        0.0000000000000000        0.0000000000000000     
  0.99999850737502216        0.0000000000000000        0.0000000000000000     
  0.99999851245197791        0.0000000000000000        0.0000000000000000     
  0.99999851752893365        0.0000000000000000        0.0000000000000000     
  0.99999852260588940        0.0000000000000000        0.0000000000000000     
  0.99999852768284514        0.0000000000000000        0.0000000000000000     
  0.99999853275980088        0.0000000000000000        0.0000000000000000     
  0.99999853783675663        0.0000000000000000        0.0000000000000000     
  0.99999854291371237        0.0000000000000000        0.0000000000000000     
  0.99999854799066812        0.0000000000000000        0.0000000000000000     
  0.99999855306762386        0.0000000000000000        0.0000000000000000     
  0.99999855814457961        0.0000000000000000        0.0000000000000000     
  0.99999856322153535        0.0000000000000000        0.0000000000000000     
  0.99999856829849110        0.0000000000000000        0.0000000000000000     
  0.99999857337544684        0.0000000000000000        0.0000000000000000     
  0.99999857845240259        0.0000000000000000        0.0000000000000000     
  0.99999858352935833        0.0000000000000000        0.0000000000000000     
  0.99999858860631408        0.0000000000000000        0.0000000000000000     
  0.99999859368326982        0.0000000000000000        0.0000000000000000     
  0.99999859876022557        0.0000000000000000        0.0000000000000000     
  0.99999860383718131        0.0000000000000000        0.0000000000000000     
  0.99999860891413705        0.0000000000000000        0.0000000000000000     
  0.99999861399109280        0.0000000000000000        0.0000000000000000     
  0.99999861906804854        0.0000000000000000        0.0000000000000000     
  0.99999862414500429        0.0000000000000000        0.0000000000000000     
  0.99999862922196003        0.0000000000000000        0.0000000000000000     
  0.99999863429891578        0.0000000000000000        0.0000000000000000     
  0.99999863937587152        0.0000000000000000        0.0000000000000000     
  0.99999864445282727        0.0000000000000000        0.0000000000000000     
  0.99999864952978301        0.0000000000000000        0.0000000000000000     
  0.99999865460673876        0.0000000000000000        0.0000000000000000     
  0.99999865968369450        0.0000000000000000        0.0000000000000000     
  0.99999866476065025        0.0000000000000000        0.0000000000000000     
  0.99999866983760599        0.0000000000000000        0.0000000000000000     
  0.99999867491456174        0.0000000000000000        0.0000000000000000     
  0.99999867999151748        0.0000000000000000        0.0000000000000000     
  0.99999868506847323        0.0000000000000000        0.0000000000000000     
  0.99999869014542897        0.0000000000000000        0.0000000000000000     
  0.99999869522238471        0.0000000000000000        0.0000000000000000     
  0.99999870029934046        0.0000000000000000        0.0000000000000000     
  0.99999870537629620        0.0000000000000000        0.0000000000000000     
  0.99999871045325195        0.0000000000000000        0.0000000000000000     
  0.99999871553020769        0.0000000000000000        0.0000000000000000     
  0.99999872060716344        0.0000000000000000        0.0000000000000000     
  0.99999872568411918        0.0000000000000000        0.0000000000000000     
  0.99999873076107493        0.0000000000000000        0.0000000000000000     
  0.99999873583803067        0.0000000000000000        0.0000000000000000     
  0.99999874091498642        0.0000000000000000        0.0000000000000000     
  0.99999874599194216        0.0000000000000000        0.0000000000000000     
  0.99999875106889791        0.0000000000000000        0.0000000000000000     
  0.99999875614585365        0.0000000000000000        0.0000000000000000     
  0.99999876122280940        0.0000000000000000        0.0000000000000000     
  0.99999876629976514        0.0000000000000000        0.0000000000000000     
  0.99999877137672089        0.0000000000000000        0.0000000000000000     
  0.99999877645367663        0.0000000000000000        0.0000000000000000     
  0.99999878153063237        0.0000000000000000        0.0000000000000000     
  0.99999878660758812        0.0000000000000000        0.0000000000000000     
  0.99999879168454386        0.0000000000000000        0.0000000000000000     
  0.99999879676149961        0.0000000000000000        0.0000000000000000     
  0.99999880183845535        0.0000000000000000        0.0000000000000000     
  0.99999880691541110        0.0000000000000000        0.0000000000000000     
  0.99999881199236684        0.0000000000000000        0.0000000000000000     
  0.99999881706932259        0.0000000000000000        0.0000000000000000     
  0.99999882214627833        0.0000000000000000        0.0000000000000000     
  0.99999882722323408        0.0000000000000000        0.0000000000000000     
  0.99999883230018982        0.0000000000000000        0.0000000000000000     
  0.99999883737714557        0.0000000000000000        0.0000000000000000     
  0.99999884245410131        0.0000000000000000        0.0000000000000000     
  0.99999884753105706        0.0000000000000000        0.0000000000000000     
  0.99999885260801280        0.0000000000000000        0.0000000000000000     
  0.99999885768496855        0.0000000000000000        0.0000000000000000     
  0.99999886276192429        0.0000000000000000        0.0000000000000000     
  0.99999886783888003        0.0000000000000000        0.0000000000000000     
  0.99999887291583578        0.0000000000000000        0.0000000000000000     
  0.99999887799279152        0.0000000000000000        0.0000000000000000     
  0.99999888306974727        0.0000000000000000        0.0000000000000000     
  0.99999888814670301        0.0000000000000000        0.0000000000000000     
  0.99999889322365876        0.0000000000000000        0.0000000000000000     
  0.99999889830061450        0.0000000000000000        0.0000000000000000     
  0.99999890337757025        0.0000000000000000        0.0000000000000000     
  0.99999890845452599        0.0000000000000000        0.0000000000000000     
  0.99999891353148174        0.0000000000000000        0.0000000000000000     
  0.99999891860843748        0.0000000000000000        0.0000000000000000     
  0.99999892368539323        0.0000000000000000        0.0000000000000000     
  0.99999892876234897        0.0000000000000000        0.0000000000000000     
  0.99999893383930472        0.0000000000000000        0.0000000000000000     
  0.99999893891626046        0.0000000000000000        0.0000000000000000     
  0.99999894399321620        0.0000000000000000        0.0000000000000000     
  0.99999894907017195        0.0000000000000000        0.0000000000000000     
  0.99999895414712769        0.0000000000000000        0.0000000000000000     
  0.99999895922408344        0.0000000000000000        0.0000000000000000     
  0.99999896430103918        0.0000000000000000        0.0000000000000000     
  0.99999896937799493        0.0000000000000000        0.0000000000000000     
  0.99999897445495067        0.0000000000000000        0.0000000000000000     
  0.99999897953190642        0.0000000000000000        0.0000000000000000     
  0.99999898460886216        0.0000000000000000        0.0000000000000000     
  0.99999898968581791        0.0000000000000000        0.0000000000000000     
  0.99999899476277365        0.0000000000000000        0.0000000000000000     
  0.99999899983972940        0.0000000000000000        0.0000000000000000     
  0.99999900491668514        0.0000000000000000        0.0000000000000000     
  0.99999900999364089        0.0000000000000000        0.0000000000000000     
  0.99999901507059663        0.0000000000000000        0.0000000000000000     
  0.99999902014755238        0.0000000000000000        0.0000000000000000     
  0.99999902522450812        0.0000000000000000        0.0000000000000000     
  0.99999903030146386        0.0000000000000000        0.0000000000000000     
  0.99999903537841961        0.0000000000000000        0.0000000000000000     
  0.99999904045537535        0.0000000000000000        0.0000000000000000     
  0.99999904553233110        0.0000000000000000        0.0000000000000000     
  0.99999905060928684        0.0000000000000000        0.0000000000000000     
  0.99999905568624259        0.0000000000000000        0.0000000000000000     
  0.99999906076319833        0.0000000000000000        0.0000000000000000     
  0.99999906584015408        0.0000000000000000        0.0000000000000000     
  0.99999907091710982        0.0000000000000000        0.0000000000000000     
  0.99999907599406557        0.0000000000000000        0.0000000000000000     
  0.99999908107102131        0.0000000000000000        0.0000000000000000     
  0.99999908614797706        0.0000000000000000        0.0000000000000000     
  0.99999909122493280        0.0000000000000000        0.0000000000000000     
  0.99999909630188855        0.0000000000000000        0.0000000000000000     
  0.99999910137884429        0.0000000000000000        0.0000000000000000     
  0.99999910645580004        0.0000000000000000        0.0000000000000000     
  0.99999911153275578        0.0000000000000000        0.0000000000000000     
  0.99999911660971152        0.0000000000000000        0.0000000000000000     
  0.99999912168666727        0.0000000000000000        0.0000000000000000     
  0.99999912676362301        0.0000000000000000        0.0000000000000000     
  0.99999913184057876        0.0000000000000000        0.0000000000000000     
  0.99999913691753450        0.0000000000000000        0.0000000000000000     
  0.99999914199449025        0.0000000000000000        0.0000000000000000     
  0.99999914707144599        0.0000000000000000        0.0000000000000000     
  0.99999915214840174        0.0000000000000000        0.0000000000000000     
  0.99999915722535748        0.0000000000000000        0.0000000000000000     
  0.99999916230231323        0.0000000000000000        0.0000000000000000     
  0.99999916737926897        0.0000000000000000        0.0000000000000000     
  0.99999917245622472        0.0000000000000000        0.0000000000000000     
  0.99999917753318046        0.0000000000000000        0.0000000000000000     
  0.99999918261013621        0.0000000000000000        0.0000000000000000     
  0.99999918768709195        0.0000000000000000        0.0000000000000000     
  0.99999919276404770        0.0000000000000000        0.0000000000000000     
  0.99999919784100344        0.0000000000000000        0.0000000000000000     
  0.99999920291795918        0.0000000000000000        0.0000000000000000     
  0.99999920799491493        0.0000000000000000        0.0000000000000000     
  0.99999921307187067        0.0000000000000000        0.0000000000000000     
  0.99999921814882642        0.0000000000000000        0.0000000000000000     
  0.99999922322578216        0.0000000000000000        0.0000000000000000     
  0.99999922830273791        0.0000000000000000        0.0000000000000000     
  0.99999923337969365        0.0000000000000000        0.0000000000000000     
  0.99999923845664940        0.0000000000000000        0.0000000000000000     
  0.99999924353360514        0.0000000000000000        0.0000000000000000     
  0.99999924861056089        0.0000000000000000        0.0000000000000000     
  0.99999925368751663        0.0000000000000000        0.0000000000000000     
  0.99999925876447238        0.0000000000000000        0.0000000000000000     
  0.99999926384142812        0.0000000000000000        0.0000000000000000     
  0.99999926891838387        0.0000000000000000        0.0000000000000000     
  0.99999927399533961        0.0000000000000000        0.0000000000000000     
  0.99999927907229536        0.0000000000000000        0.0000000000000000     
  0.99999928414925110        0.0000000000000000        0.0000000000000000     
  0.99999928922620684        0.0000000000000000        0.0000000000000000     
  0.99999929430316259        0.0000000000000000        0.0000000000000000     
  0.99999929938011833        0.0000000000000000        0.0000000000000000     
  0.99999930445707408        0.0000000000000000        0.0000000000000000     
  0.99999930953402982        0.0000000000000000        0.0000000000000000     
  0.99999931461098557        0.0000000000000000        0.0000000000000000     
  0.99999931968794131        0.0000000000000000        0.0000000000000000     
  0.99999932476489706        0.0000000000000000        0.0000000000000000     
  0.99999932984185280        0.0000000000000000        0.0000000000000000     
  0.99999933491880855        0.0000000000000000        0.0000000000000000     
  0.99999933999576429        0.0000000000000000        0.0000000000000000     
  0.99999934507272004        0.0000000000000000        0.0000000000000000     
  0.99999935014967578        0.0000000000000000        0.0000000000000000     
  0.99999935522663153        0.0000000000000000        0.0000000000000000     
  0.99999936030358727        0.0000000000000000        0.0000000000000000     
  0.99999936538054301        0.0000000000000000        0.0000000000000000     
  0.99999937045749876        0.0000000000000000        0.0000000000000000     
  0.99999937553445450        0.0000000000000000        0.0000000000000000     
  0.99999938061141025        0.0000000000000000        0.0000000000000000     
  0.99999938568836599        0.0000000000000000        0.0000000000000000     
  0.99999939076532174        0.0000000000000000        0.0000000000000000     
  0.99999939584227748        0.0000000000000000        0.0000000000000000     
  0.99999940091923323        0.0000000000000000        0.0000000000000000     
  0.99999940599618897        0.0000000000000000        0.0000000000000000     
  0.99999941107314472        0.0000000000000000        0.0000000000000000     
  0.99999941615010046        0.0000000000000000        0.0000000000000000     
  0.99999942122705621        0.0000000000000000        0.0000000000000000     
  0.99999942630401195        0.0000000000000000        0.0000000000000000     
  0.99999943138096770        0.0000000000000000        0.0000000000000000     
  0.99999943645792344        0.0000000000000000        0.0000000000000000     
  0.99999944153487919        0.0000000000000000        0.0000000000000000     
  0.99999944661183493        0.0000000000000000        0.0000000000000000     
  0.99999945168879067        0.0000000000000000        0.0000000000000000     
  0.99999945676574642        0.0000000000000000        0.0000000000000000     
  0.99999946184270216        0.0000000000000000        0.0000000000000000     
  0.99999946691965791        0.0000000000000000        0.0000000000000000     
  0.99999947199661365        0.0000000000000000        0.0000000000000000     
  0.99999947707356940        0.0000000000000000        0.0000000000000000     
  0.99999948215052514        0.0000000000000000        0.0000000000000000     
  0.99999948722748089        0.0000000000000000        0.0000000000000000     
  0.99999949230443663        0.0000000000000000        0.0000000000000000     
  0.99999949738139238        0.0000000000000000        0.0000000000000000     
  0.99999950245834812        0.0000000000000000        0.0000000000000000     
  0.99999950753530387        0.0000000000000000        0.0000000000000000     
  0.99999951261225961        0.0000000000000000        0.0000000000000000     
  0.99999951768921536        0.0000000000000000        0.0000000000000000     
  0.99999952276617110        0.0000000000000000        0.0000000000000000     
  0.99999952784312685        0.0000000000000000        0.0000000000000000     
  0.99999953292008259        0.0000000000000000        0.0000000000000000     
  0.99999953799703833        0.0000000000000000        0.0000000000000000     
  0.99999954307399408        0.0000000000000000        0.0000000000000000     
  0.99999954815094982        0.0000000000000000        0.0000000000000000     
  0.99999955322790557        0.0000000000000000        0.0000000000000000     
  0.99999955830486131        0.0000000000000000        0.0000000000000000     
  0.99999956338181706        0.0000000000000000        0.0000000000000000     
  0.99999956845877280        0.0000000000000000        0.0000000000000000     
  0.99999957353572855        0.0000000000000000        0.0000000000000000     
  0.99999957861268429        0.0000000000000000        0.0000000000000000     
  0.99999958368964004        0.0000000000000000        0.0000000000000000     
  0.99999958876659578        0.0000000000000000        0.0000000000000000     
  0.99999959384355153        0.0000000000000000        0.0000000000000000     
  0.99999959892050727        0.0000000000000000        0.0000000000000000     
  0.99999960399746302        0.0000000000000000        0.0000000000000000     
  0.99999960907441876        0.0000000000000000        0.0000000000000000     
  0.99999961415137451        0.0000000000000000        0.0000000000000000     
  0.99999961922833025        0.0000000000000000        0.0000000000000000     
  0.99999962430528599        0.0000000000000000        0.0000000000000000     
  0.99999962938224174        0.0000000000000000        0.0000000000000000     
  0.99999963445919748        0.0000000000000000        0.0000000000000000     
  0.99999963953615323        0.0000000000000000        0.0000000000000000     
  0.99999964461310897        0.0000000000000000        0.0000000000000000     
  0.99999964969006472        0.0000000000000000        0.0000000000000000     
  0.99999965476702046        0.0000000000000000        0.0000000000000000     
  0.99999965984397621        0.0000000000000000        0.0000000000000000     
  0.99999966492093195        0.0000000000000000        0.0000000000000000     
  0.99999966999788770        0.0000000000000000        0.0000000000000000     
  0.99999967507484344        0.0000000000000000        0.0000000000000000     
  0.99999968015179919        0.0000000000000000        0.0000000000000000     
  0.99999968522875493        0.0000000000000000        0.0000000000000000     
  0.99999969030571068        0.0000000000000000        0.0000000000000000     
  0.99999969538266642        0.0000000000000000        0.0000000000000000     
  0.99999970045962217        0.0000000000000000        0.0000000000000000     
  0.99999970553657791        0.0000000000000000        0.0000000000000000     
  0.99999971061353365        0.0000000000000000        0.0000000000000000     
  0.99999971569048940        0.0000000000000000        0.0000000000000000     
  0.99999972076744514        0.0000000000000000        0.0000000000000000     
  0.99999972584440089        0.0000000000000000        0.0000000000000000     
  0.99999973092135663        0.0000000000000000        0.0000000000000000     
  0.99999973599831238        0.0000000000000000        0.0000000000000000     
  0.99999974107526812        0.0000000000000000        0.0000000000000000     
  0.99999974615222387        0.0000000000000000        0.0000000000000000     
  0.99999975122917961        0.0000000000000000        0.0000000000000000     
  0.99999975630613536        0.0000000000000000        0.0000000000000000     
  0.99999976138309110        0.0000000000000000        0.0000000000000000     
  0.99999976646004685        0.0000000000000000        0.0000000000000000     
  0.99999977153700259        0.0000000000000000        0.0000000000000000     
  0.99999977661395834        0.0000000000000000        0.0000000000000000     
  0.99999978169091408        0.0000000000000000        0.0000000000000000     
  0.99999978676786982        0.0000000000000000        0.0000000000000000     
  0.99999979184482557        0.0000000000000000        0.0000000000000000     
  0.99999979692178131        0.0000000000000000        0.0000000000000000     
  0.99999980199873706        0.0000000000000000        0.0000000000000000     
  0.99999980707569280        0.0000000000000000        0.0000000000000000     
  0.99999981215264855        0.0000000000000000        0.0000000000000000     
  0.99999981722960429        0.0000000000000000        0.0000000000000000     
  0.99999982230656004        0.0000000000000000        0.0000000000000000     
  0.99999982738351578        0.0000000000000000        0.0000000000000000     
  0.99999983246047153        0.0000000000000000        0.0000000000000000     
  0.99999983753742727        0.0000000000000000        0.0000000000000000     
  0.99999984261438302        0.0000000000000000        0.0000000000000000     
  0.99999984769133876        0.0000000000000000        0.0000000000000000     
  0.99999985276829451        0.0000000000000000        0.0000000000000000     
  0.99999985784525025        0.0000000000000000        0.0000000000000000     
  0.99999986292220600        0.0000000000000000        0.0000000000000000     
  0.99999986799916174        0.0000000000000000        0.0000000000000000     
  0.99999987307611748        0.0000000000000000        0.0000000000000000     
  0.99999987815307323        0.0000000000000000        0.0000000000000000     
  0.99999988323002897        0.0000000000000000        0.0000000000000000     
  0.99999988830698472        0.0000000000000000        0.0000000000000000     
  0.99999989338394046        0.0000000000000000        0.0000000000000000     
  0.99999989846089621        0.0000000000000000        0.0000000000000000     
  0.99999990353785195        0.0000000000000000        0.0000000000000000     
  0.99999990861480770        0.0000000000000000        0.0000000000000000     
  0.99999991369176344        0.0000000000000000        0.0000000000000000     
  0.99999991876871919        0.0000000000000000        0.0000000000000000     
  0.99999992384567493        0.0000000000000000        0.0000000000000000     
  0.99999992892263068        0.0000000000000000        0.0000000000000000     
  0.99999993399958642        0.0000000000000000        0.0000000000000000     
  0.99999993907654217        0.0000000000000000        0.0000000000000000     
  0.99999994415349791        0.0000000000000000        0.0000000000000000     
  0.99999994923045366        0.0000000000000000        0.0000000000000000     
  0.99999995430740940        0.0000000000000000        0.0000000000000000     
  0.99999995938436514        0.0000000000000000        0.0000000000000000     
  0.99999996446132089        0.0000000000000000        0.0000000000000000     
  0.99999996953827663        0.0000000000000000        0.0000000000000000     
  0.99999997461523238        0.0000000000000000        0.0000000000000000     
  0.99999997969218812        0.0000000000000000        0.0000000000000000     
  0.99999998476914387        0.0000000000000000        0.0000000000000000     
  0.99999998984609961        0.0000000000000000        0.0000000000000000     
  0.99999999492305536        0.0000000000000000        0.0000000000000000     
