  -1.0000000000000000        121.77020972988613        5.3467901798124444     
 -0.99333333333333329        114.26800098157742        5.1976323882677784     
 -0.98666666666666658        127.02746859535065        5.4978657999483538     
 -0.97999999999999987        119.24676006861401        5.3518672770214968     
 -0.97333333333333316        117.58855351630498        5.3319567167132966     
 -0.96666666666666645        128.65765804895548        5.5896225221261115     
 -0.95999999999999974        118.90747863100394        5.3917927353866144     
 -0.95333333333333303        118.98368458381449        5.4121237592902594     
 -0.94666666666666632        106.14231100409933        5.1376714665510228     
 -0.93999999999999961        118.51217157946094        5.4420524221244664     
 -0.93333333333333290        126.91207638618849        5.6500942381981067     
 -0.92666666666666619        119.50989577484702        5.5113310856949695     
 -0.91999999999999948        115.53188368086101        5.4218698293344296     
 -0.91333333333333278        120.78354658353827        5.5701011822640982     
 -0.90666666666666607        116.85959947553128        5.4902769306028363     
 -0.89999999999999936        114.41688437234357        5.4488243601529120     
 -0.89333333333333265        120.70223960065965        5.6148121222031318     
 -0.88666666666666594        111.95110799707993        5.4317056671274235     
 -0.87999999999999923        111.33931749372817        5.4278828121099947     
 -0.87333333333333252        113.25572380802730        5.4950220653477517     
 -0.86666666666666581        124.29098517496959        5.7754413305228915     
 -0.85999999999999910        124.64048074590352        5.7980211484980986     
 -0.85333333333333239        116.87098880782459        5.6370666950296560     
 -0.84666666666666568        123.99608931942218        5.8255591618341134     
 -0.83999999999999897        114.90461872705600        5.6355110848595977     
 -0.83333333333333226        109.83716128046727        5.5225896051330254     
 -0.82666666666666555        119.47074815153512        5.7760247795904869     
 -0.81999999999999884        119.29189762759903        5.7947478756400344     
 -0.81333333333333213        120.61055188459721        5.8380285330548789     
 -0.80666666666666542        115.93759894284025        5.7492857648930533     
 -0.79999999999999871        115.32097196062514        5.7472969399093454     
 -0.79333333333333200        123.76224718810457        5.9834675902258931     
 -0.78666666666666529        111.30068633812294        5.6837505223438551     
 -0.77999999999999858        112.88725245738529        5.7421815690942415     
 -0.77333333333333187        117.11594542548295        5.8662075820630619     
 -0.76666666666666516        108.74553557551965        5.6738041721553056     
 -0.75999999999999845        108.57257062131183        5.6882232104315245     
 -0.75333333333333174        106.77687262131403        5.6650470711557777     
 -0.74666666666666504        116.07500761723283        5.9352900970257840     
 -0.73999999999999833        118.44694331997597        5.9938150653879951     
 -0.73333333333333162        116.79520264370591        5.9958442478945599     
 -0.72666666666666491        124.12592550466150        6.1783722783941641     
 -0.71999999999999820        117.14753128595386        6.0300146266591419     
 -0.71333333333333149        122.10386600199740        6.1788018840862247     
 -0.70666666666666478        126.97227629654145        6.3121512881966879     
 -0.69999999999999807        130.00432501446895        6.3994494827800903     
 -0.69333333333333136        110.74063059881031        5.9259896885398478     
 -0.68666666666666465        120.43610719223807        6.1993283037882954     
 -0.67999999999999794        104.33349764545574        5.7869173837918595     
 -0.67333333333333123        111.01216606186640        5.9925668635254929     
 -0.66666666666666452        105.93919568545715        5.8759492008194583     
 -0.65999999999999781        121.27736017602902        6.3017708105159072     
 -0.65333333333333110        111.26374649036312        6.0687391067141316     
 -0.64666666666666439        116.87039946537432        6.2359909150931569     
 -0.63999999999999768        113.32402760746700        6.1444745403504202     
 -0.63333333333333097        113.24394298829552        6.1583936430453967     
 -0.62666666666666426        118.16791123646752        6.3416421361451407     
 -0.61999999999999755        116.00230440168289        6.2711595388325598     
 -0.61333333333333084        123.75386328267660        6.5106018587210537     
 -0.60666666666666413        116.30421776199863        6.3154241088062371     
 -0.59999999999999742        123.80722377443929        6.5408507317421867     
 -0.59333333333333071        120.09801916820102        6.4547044671514380     
 -0.58666666666666401        118.36324871758134        6.4367569203614643     
 -0.57999999999999730        113.77364143823095        6.3301155196158412     
 -0.57333333333333059        117.36554958713505        6.4500553991595471     
 -0.56666666666666388        123.56397222409412        6.6409207428724448     
 -0.55999999999999717        111.37835448490351        6.3160323841222601     
 -0.55333333333333046        121.20057903567012        6.6107545551343083     
 -0.54666666666666375        122.18727210021748        6.6447363467714640     
 -0.53999999999999704        127.99392021766292        6.8198058049629511     
 -0.53333333333333033        111.59918367478201        6.3909019412350592     
 -0.52666666666666362        109.43688568285452        6.3407397271276169     
 -0.51999999999999691        113.72662062782453        6.4913365169162773     
 -0.51333333333333020        118.15647226837581        6.6257983092931356     
 -0.50666666666666349        112.91173383207952        6.5091304640292575     
 -0.49999999999999684        119.08239267279818        6.6883077005114853     
 -0.49333333333333018        119.78039123347223        6.7275039374003933     
 -0.48666666666666353        121.39286137665111        6.7858460094743673     
 -0.47999999999999687        122.34158682458495        6.8281565020127353     
 -0.47333333333333022        123.97738256798367        6.9193657476202368     
 -0.46666666666666357        111.38321027725617        6.5767301963397822     
 -0.45999999999999691        116.63093869372724        6.7235747241645507     
 -0.45333333333333026        113.24334176815330        6.6402241956584795     
 -0.44666666666666360        114.49513084226179        6.6905359520477123     
 -0.43999999999999695        107.87480067329851        6.5199410943661205     
 -0.43333333333333030        120.06087973697953        6.9096986446699944     
 -0.42666666666666364        114.17830940174333        6.7300587332479056     
 -0.41999999999999699        128.69690962092938        7.1604476208290322     
 -0.41333333333333033        118.75192982055555        6.9037798763163485     
 -0.40666666666666368        117.53961425202290        6.8921067478976710     
 -0.39999999999999702        139.66795332288007        7.5283606171407902     
 -0.39333333333333037        124.81097586364540        7.1240271291594688     
 -0.38666666666666372        119.84805863704744        6.9913356356748295     
 -0.37999999999999706        120.77922218762581        7.0336273771002116     
 -0.37333333333333041        106.65920519214386        6.6317278438629872     
 -0.36666666666666375        118.11481310418044        7.0111861704155016     
 -0.35999999999999710        117.19528625422519        6.9814364143158976     
 -0.35333333333333045        129.99111923020996        7.3715085688459858     
 -0.34666666666666379        121.13707557131428        7.1277623441645979     
 -0.33999999999999714        121.75399159658910        7.1516455153037128     
 -0.33333333333333048        126.42021840332990        7.3246783894395957     
 -0.32666666666666383        105.64106163381396        6.6998671004330594     
 -0.31999999999999718        117.02992344898961        7.0732451802945677     
 -0.31333333333333052        126.11898371293043        7.3445618787935256     
 -0.30666666666666387        115.78935418137249        7.0634220952758806     
 -0.29999999999999721        114.75767554157677        7.0268738324561912     
 -0.29333333333333056        122.62554602651393        7.2789947353274123     
 -0.28666666666666391        119.67678396802216        7.2331797995313059     
 -0.27999999999999725        110.38765762518800        6.9312158656068927     
 -0.27333333333333060        108.01493445924899        6.8643311019296229     
 -0.26666666666666394        126.23252156836551        7.4405398361515296     
 -0.25999999999999729        117.09803171645838        7.1701819484581044     
 -0.25333333333333063        118.89560300681281        7.2394233807358512     
 -0.24666666666666398        113.47740371060388        7.0971190398105817     
 -0.23999999999999733        114.36801439422912        7.1248889211230368     
 -0.23333333333333067        112.36888565558488        7.0696397596856917     
 -0.22666666666666402        129.51791781174074        7.5945193487632032     
 -0.21999999999999736        129.13187491621122        7.6114178225907096     
 -0.21333333333333071        114.70703501597636        7.1740551707679741     
 -0.20666666666666406        116.37501100825361        7.2498865559409671     
 -0.19999999999999740        124.15393287875450        7.5314374737141048     
 -0.19333333333333075        128.73859545079083        7.6283564408546667     
 -0.18666666666666409        101.88859791246168        6.8000692291436211     
 -0.17999999999999744        110.54801514890288        7.0830326872273153     
 -0.17333333333333079        115.39936114204959        7.2747141942087872     
 -0.16666666666666413        118.44519277648376        7.3502756696642155     
 -0.15999999999999748        111.66568787189686        7.1399355612173174     
 -0.15333333333333082        111.27241858704329        7.1441772870860110     
 -0.14666666666666417        126.18928524165803        7.6268267512704702     
 -0.13999999999999752        112.36021290876026        7.1843398942535046     
 -0.13333333333333086        112.78882641762874        7.2117270824973794     
 -0.12666666666666421        124.88785280824095        7.5901479286633471     
 -0.11999999999999754        112.90297283024873        7.2190450511955460     
 -0.11333333333333087        124.16393444972117        7.6171003768258156     
 -0.10666666666666420        115.34869458064578        7.3155361348049652     
  -9.9999999999997535E-002   114.67827930145945        7.3174760310795319     
  -9.3333333333330867E-002   113.96459468907609        7.2720035482905212     
  -8.6666666666664199E-002   109.92013664395211        7.1772163064491519     
  -7.9999999999997531E-002   108.49018134332164        7.1608834708098774     
  -7.3333333333330863E-002   119.41236629932372        7.4683153147572323     
  -6.6666666666664195E-002   123.73602265462880        7.5909650106644460     
  -5.9999999999997528E-002   114.27514771475980        7.3067659702656123     
  -5.3333333333330860E-002   122.21549008965989        7.5695713616181566     
  -4.6666666666664192E-002   113.28277211181646        7.2732714960353277     
  -3.9999999999997524E-002   124.96439040669092        7.6518250856294472     
  -3.3333333333330856E-002   112.62282511980054        7.2610261154067572     
  -2.6666666666664188E-002   129.31281910778873        7.7870875495447187     
  -1.9999999999997520E-002   128.01758423211820        7.7658855608422908     
  -1.3333333333330852E-002   121.58791181135354        7.5746018708597376     
  -6.6666666666641847E-003   118.30315126490932        7.5027720543039917     
   2.4823892941228110E-015   116.90745133386625        7.3994643068303150     
   6.6666666666691495E-003   133.21620039451898        7.8936856386499619     
   1.3333333333335817E-002   115.30524281325148        7.3425440365484800     
   2.0000000000002485E-002   120.00205519127591        7.5051900230681632     
   2.6666666666669153E-002   114.25955179322234        7.3359172297546538     
   3.3333333333335817E-002   107.92455512946819        7.1081266965471732     
   4.0000000000002485E-002   130.72057163877838        7.8150958614993806     
   4.6666666666669153E-002   132.35244265829078        7.8563939925825510     
   5.3333333333335821E-002   118.64153173842864        7.4494541938762087     
   6.0000000000002489E-002   130.69274761112197        7.8134117766585733     
   6.6666666666669150E-002   125.55076625087231        7.6876453960722406     
   7.3333333333335818E-002   103.50891016928742        6.9550265132713465     
   8.0000000000002486E-002   127.16526308909675        7.6999891716554298     
   8.6666666666669154E-002   116.65058923981981        7.3683721587451450     
   9.3333333333335822E-002   131.80627913624153        7.8239447081933715     
  0.10000000000000249        114.72627219795874        7.2908244647332845     
  0.10666666666666916        126.55045474348263        7.6487114152472051     
  0.11333333333333583        113.36263325063305        7.2483999733763662     
  0.12000000000000249        118.26368578783448        7.3820100911863857     
  0.12666666666666915        114.48179289601697        7.2605700457848172     
  0.13333333333333580        127.39338486148544        7.6714708468466046     
  0.14000000000000246        109.28049775646379        7.0900835515453622     
  0.14666666666666911        136.53612801723293        7.9510840583458524     
  0.15333333333333576        113.53682299400221        7.2006465870255516     
  0.16000000000000242        118.59253877214431        7.3879884733539916     
  0.16666666666666907        109.92047119066434        7.0720556601353346     
  0.17333333333333573        127.05830548386979        7.6235195337508745     
  0.18000000000000238        118.31329029221820        7.3420366886161936     
  0.18666666666666903        116.97086950817101        7.2728710780537593     
  0.19333333333333569        120.68011959900095        7.3756253262830178     
  0.20000000000000234        106.83281677970862        6.9313005807744901     
  0.20666666666666900        118.24524042662883        7.2817098220165919     
  0.21333333333333565        144.85180385246525        8.0467259064702432     
  0.22000000000000230        111.48834208260148        7.0849743843518782     
  0.22666666666666896        110.33306966084359        7.0401852892456178     
  0.23333333333333561        128.02133902626400        7.5459611582710533     
  0.24000000000000227        117.08773262345888        7.2103859778526314     
  0.24666666666666892        116.74187562078896        7.1754587011186102     
  0.25333333333333558        125.55547711788653        7.4266455279394892     
  0.26000000000000223        115.70632589831052        7.1389249040857621     
  0.26666666666666888        114.53985927479302        7.1078311142099295     
  0.27333333333333554        117.72106495442033        7.1678769775847853     
  0.28000000000000219        112.87853031381262        6.9913241481880961     
  0.28666666666666885        107.59118214038317        6.8373459075632539     
  0.29333333333333550        110.90117451767213        6.9359637261833251     
  0.30000000000000215        116.28442966007653        7.0803833825955333     
  0.30666666666666881        121.45004608864929        7.2348153976102330     
  0.31333333333333546        113.37744990163111        6.9423690287222577     
  0.32000000000000212        104.93252343159689        6.6819826519090277     
  0.32666666666666877        120.18989963473106        7.1218201238522747     
  0.33333333333333542        123.44743302409711        7.2260088154848292     
  0.34000000000000208        115.90419157024941        6.9669717075993400     
  0.34666666666666873        109.26774099294677        6.7546582478976305     
  0.35333333333333539        125.71714735931900        7.2232757543328594     
  0.36000000000000204        123.18606930264421        7.1493979093046924     
  0.36666666666666869        119.59886312514658        7.0372121675622941     
  0.37333333333333535        113.04671553684248        6.8200010139622469     
  0.38000000000000200        116.61517025472240        6.8978347498446606     
  0.38666666666666866        109.26060295205558        6.6651970179637861     
  0.39333333333333531        120.06204555994312        6.9799262001859166     
  0.40000000000000197        118.11034058606283        6.9136128280287528     
  0.40666666666666862        120.09287602377593        6.9347620214936647     
  0.41333333333333527        114.04020676209373        6.7455190786530741     
  0.42000000000000193        118.08447243273470        6.8649354851238673     
  0.42666666666666858        109.38808665951323        6.5752909286830308     
  0.43333333333333524        108.48827185373881        6.5449922751578562     
  0.44000000000000189        117.05521430716784        6.7935374598698202     
  0.44666666666666854        120.86884792579484        6.8989070151638572     
  0.45333333333333520        108.37270651216903        6.4906889307700597     
  0.46000000000000185        113.07084239331085        6.6072831542640440     
  0.46666666666666851        131.24455442303625        7.0951486765696963     
  0.47333333333333516        113.70632211903200        6.5992153539771055     
  0.48000000000000181        109.51299211631377        6.4890441506997076     
  0.48666666666666847        123.33014234435794        6.8194890519670688     
  0.49333333333333512        111.83948732286299        6.4908790329728356     
  0.50000000000000178        128.73290490575269        6.9389699877404807     
  0.50666666666666849        113.45843607785679        6.4973721866483940     
  0.51333333333333520        131.15090301529972        6.9879169850864526     
  0.52000000000000191        112.46684168356020        6.4299996117561431     
  0.52666666666666861        117.02907831641004        6.5521820566691398     
  0.53333333333333532        110.68264133766721        6.3488934318865216     
  0.54000000000000203        113.07625803136450        6.3916912567024919     
  0.54666666666666874        111.58590979979809        6.3380707975558330     
  0.55333333333333545        127.21973247040820        6.7401312954783226     
  0.56000000000000216        114.23140480312335        6.3955071644670500     
  0.56666666666666887        112.49405742995458        6.3082626350810154     
  0.57333333333333558        105.39790613921369        6.0964007641728948     
  0.58000000000000229        120.44502315877608        6.4922341746437899     
  0.58666666666666900        101.71324493645618        5.9743923799728762     
  0.59333333333333571        120.75354647805526        6.4617766863000234     
  0.60000000000000242        116.55442900098441        6.3289873251610693     
  0.60666666666666913        105.04336427618186        5.9957092281465556     
  0.61333333333333584        107.16268047957399        6.0284193108051616     
  0.62000000000000255        119.73360530364107        6.4162532007429833     
  0.62666666666666926        120.29461232659584        6.3463858730684386     
  0.63333333333333597        111.58096783886491        6.0952417078835062     
  0.64000000000000268        113.79695210342648        6.1428891845746323     
  0.64666666666666939        115.28108003349374        6.1600762484651916     
  0.65333333333333610        122.03539597722065        6.3239739216343969     
  0.66000000000000281        123.49094555760298        6.3396566172247573     
  0.66666666666666952        111.71788344070561        6.0130417938417882     
  0.67333333333333623        118.61439715153369        6.1886554300394625     
  0.68000000000000294        119.30639812513955        6.1908829011237971     
  0.68666666666666965        117.38051152683678        6.0993081483961831     
  0.69333333333333635        118.71734008446711        6.1272008948029661     
  0.70000000000000306        107.58177570536751        5.8073961529363824     
  0.70666666666666977        119.87050850733819        6.1053700880955999     
  0.71333333333333648        130.83200909047966        6.3629110962377986     
  0.72000000000000319        125.79493852795861        6.2226975762940313     
  0.72666666666666990        116.17485143370486        5.9798996043696704     
  0.73333333333333661        109.68854778013727        5.7787107105831250     
  0.74000000000000332        118.08737568471592        5.9755764372802416     
  0.74666666666667003        123.77638257313789        6.0928671456598744     
  0.75333333333333674        115.38042345927191        5.8613630056837556     
  0.76000000000000345        112.48963486952137        5.7672527250516055     
  0.76666666666667016        116.89246977777402        5.8698383323983885     
  0.77333333333333687        134.22206443674901        6.2574119767919356     
  0.78000000000000358        127.88466789329689        6.0901890589060850     
  0.78666666666667029        132.38218433481208        6.1851708145684219     
  0.79333333333333700        116.99444712977534        5.8305297827400420     
  0.80000000000000371        119.79875140650445        5.8472543004011257     
  0.80666666666667042        115.81889881282909        5.7292068350143328     
  0.81333333333333713        113.34707561725997        5.6418668221904467     
  0.82000000000000384        113.38204590098459        5.6225877495918581     
  0.82666666666667055        116.40404797642300        5.6884018625439117     
  0.83333333333333726        111.81792554142174        5.5518912769289299     
  0.84000000000000397        111.86080508916267        5.5334378610473633     
  0.84666666666667068        120.61980913408664        5.7246099708807776     
  0.85333333333333738        115.46912248257310        5.5891408823391409     
  0.86000000000000409        112.19809294068843        5.4895016475884413     
  0.86666666666667080        118.35740740953503        5.6299794004681090     
  0.87333333333333751        119.62378018822442        5.6452700706910122     
  0.88000000000000422        111.64968508185331        5.4235257914778350     
  0.88666666666667093        112.97265589581414        5.4362871479752020     
  0.89333333333333764        128.60739140616948        5.7778809056130642     
  0.90000000000000435        113.11989740973904        5.3994301963107798     
  0.90666666666667106        114.22681326612604        5.4089200663416461     
  0.91333333333333777        112.25082566131103        5.3456644165688036     
  0.92000000000000448        128.21889951815896        5.6968869157214153     
  0.92666666666667119        115.37445808626732        5.3846311421701465     
  0.93333333333333790        122.75909681879966        5.5320893817342522     
  0.94000000000000461        106.49032007200189        5.1423953644275846     
  0.94666666666667132        115.54524755189307        5.3342922426936328     
  0.95333333333333803        119.74825068556727        5.4130702701226481     
  0.96000000000000474        116.16633471513484        5.3173780236352606     
  0.96666666666667145        119.98233236154235        5.3794429765454659     
  0.97333333333333816        116.54968926354485        5.2848791447254859     
  0.98000000000000487        119.78622292265428        5.3435742200094261     
  0.98666666666667158        125.68644509818836        5.4501585593293562     
  0.99333333333333829        122.06259997055075        5.3647980590771631     
