  0.10000000000000001        8.4209688443011629E-003   4.8617703665842504E-003
  0.69933333333333336        3.4751089388663309E-002   9.6375778885509095E-003
   1.2986666666666666        5.3941116455300427E-002   1.2373665294982295E-002
   1.8980000000000001        9.7523353380353339E-002   1.6250864077171499E-002
   2.4973333333333336       0.14348015166240263        1.9519825951511222E-002
   3.0966666666666671       0.11070424390419269        1.7078427048704173E-002
   3.6960000000000006       0.12559301475428614        1.8929324492720320E-002
   4.2953333333333337       0.18899047185259835        2.2420964421821836E-002
   4.8946666666666667       0.18877868906082471        2.2395856193782548E-002
   5.4939999999999998       0.22713542194869579        2.4482060511804196E-002
   6.0933333333333328       0.23665071696201440        2.5073646735920444E-002
   6.6926666666666659       0.26289951732337585        2.6409212469869593E-002
   7.2919999999999989       0.27186869156223087        2.6774214872650484E-002
   7.8913333333333320       0.33411178587677354        3.0106794334829219E-002
   8.4906666666666659       0.34894542674696705        3.0467399586533044E-002
   9.0899999999999999       0.36292693476216131        3.1567105136363252E-002
   9.6893333333333338       0.37255669993795520        3.1464696696940589E-002
   10.288666666666668       0.38823382005041529        3.2217535256378688E-002
   10.888000000000002       0.39126011957689760        3.2581075251036110E-002
   11.487333333333336       0.40088965592066483        3.2707936595869049E-002
   12.086666666666670       0.46287700210728949        3.5366479008035884E-002
   12.686000000000003       0.45235600823156680        3.4870597555312764E-002
   13.285333333333337       0.49005379064220550        3.6292099177788896E-002
   13.884666666666671       0.52688545669153197        3.7694170684891330E-002
   14.484000000000005       0.50578997221290289        3.6952416448034688E-002
   15.083333333333339       0.51108264236866663        3.7338820645736764E-002
   15.682666666666673       0.60155725587990549        4.0512091145184149E-002
   16.282000000000007       0.57440427729432353        3.9595885769484598E-002
   16.881333333333341       0.63808836065468921        4.1753765667931132E-002
   17.480666666666675       0.59028391813754799        4.0213691515134618E-002
   18.080000000000009       0.66410113348185296        4.2905279020898801E-002
   18.679333333333343       0.59245063172148682        4.0455632598639352E-002
   19.278666666666677       0.64424249614289741        4.2247397836740010E-002
   19.878000000000011       0.76216781257169164        4.5981106285983668E-002
   20.477333333333345       0.73591435287611306        4.5318563184191821E-002
   21.076666666666679       0.78008905458850020        4.6721447714670281E-002
   21.676000000000013       0.74631531803665918        4.5784924777037599E-002
   22.275333333333347       0.83767713679419220        4.8616729438254284E-002
   22.874666666666680       0.81405470473100749        4.7983083615297781E-002
   23.474000000000014       0.79959893570400309        4.7718024827039178E-002
   24.073333333333348       0.80627079674139723        4.7944981047178745E-002
   24.672666666666682       0.86111657125502106        4.9641978453313723E-002
   25.272000000000016       0.83982956945604725        4.9244642523292838E-002
   25.871333333333350        1.0003526451823950        5.3764114350835536E-002
   26.470666666666684       0.93538666807152515        5.2124223226503202E-002
   27.070000000000018       0.92450461320578592        5.2256965707063160E-002
   27.669333333333352       0.89775460695309739        5.1326697277289023E-002
   28.268666666666686       0.99572023537106391        5.4310210604997994E-002
   28.868000000000020       0.99655289759068211        5.4437314648013935E-002
   29.467333333333354        1.0120702254768246        5.4874762267936888E-002
   30.066666666666688        1.0017463614019997        5.4803596857904674E-002
   30.666000000000022        1.0085266649944422        5.5091726024516570E-002
   31.265333333333356        1.1364723248904702        5.8577024589887887E-002
   31.864666666666690        1.0447397182189417        5.6313846414153927E-002
   32.464000000000020        1.1278789568464167        5.8686440553642645E-002
   33.063333333333354        1.0021024774274143        5.5496164509921106E-002
   33.662666666666688        1.1460054965403927        5.9548223120742122E-002
   34.262000000000022        1.1520179692887065        5.9779738126010146E-002
   34.861333333333356        1.1313390290235052        5.9436597281603790E-002
   35.460666666666690        1.1619968361378095        6.0626527145258971E-002
   36.060000000000024        1.1605889778071903        6.0636773772862626E-002
   36.659333333333358        1.2992717838859031        6.4350366531945119E-002
   37.258666666666691        1.3307177204982972        6.5663276823560976E-002
   37.858000000000025        1.4313785945947524        6.7856033222697690E-002
   38.457333333333359        1.4528625748056008        6.8564348494465452E-002
   39.056666666666693        1.3783773349787320        6.7036360818039334E-002
   39.656000000000027        1.1978603222115647        6.2670671846171921E-002
   40.255333333333361        1.3623815457128134        6.7063081490834314E-002
   40.854666666666695        1.3166273517148517        6.6283919209689290E-002
   41.454000000000029        1.5262648663065168        7.1468208592268795E-002
   42.053333333333363        1.2484389106826745        6.4959148155121937E-002
   42.652666666666697        1.3485116881838106        6.7716477336174516E-002
   43.252000000000031        1.5073561096069801        7.1783804148487521E-002
   43.851333333333365        1.5508226400870746        7.3023183333905770E-002
   44.450666666666699        1.4892223811079135        7.1746086270902718E-002
   45.050000000000033        1.3196949949071404        6.7839472210178192E-002
   45.649333333333367        1.5235033107755778        7.3225764485497377E-002
   46.248666666666701        1.5212192307092240        7.3287576951261466E-002
   46.848000000000035        1.5020977399320465        7.3315455658717610E-002
   47.447333333333368        1.4285999074499602        7.1647238198664628E-002
   48.046666666666702        1.6115206695751236        7.6309208218007643E-002
   48.646000000000036        1.5986883373767140        7.6308030962697046E-002
   49.245333333333370        1.5226402201470646        7.4678632214451965E-002
   49.844666666666704        1.5103023314628048        7.4618557330203478E-002
   50.444000000000038        1.5995751812138719        7.7062532481917786E-002
   51.043333333333372        1.6051301362715977        7.7693866095606232E-002
   51.642666666666706        1.4760218656316275        7.4595474556153230E-002
   52.242000000000040        1.5012159582047582        7.5577194930947764E-002
   52.841333333333374        1.6659798186094801        7.9888149671935318E-002
   53.440666666666708        1.5276053221129235        7.6807666262029048E-002
   54.040000000000042        1.5901495763203650        7.8659925692141003E-002
   54.639333333333376        1.5133760580455158        7.7080256937446121E-002
   55.238666666666710        1.7467792617538023        8.2996215087963440E-002
   55.838000000000044        1.7334121866368426        8.2929895420262356E-002
   56.437333333333378        1.6489579615579597        8.1268902841441198E-002
   57.036666666666711        1.6214942680347797        8.0811158822470211E-002
   57.636000000000045        1.7262324456387992        8.3853556066409693E-002
   58.235333333333379        1.7989269791906226        8.5767570518628253E-002
   58.834666666666713        1.8014512481775760        8.6184656720799405E-002
   59.434000000000047        1.8653114724099433        8.8028480636268600E-002
   60.033333333333381        1.7356377202059035        8.5125348908451526E-002
   60.632666666666715        1.7291128522945800        8.5533398752977233E-002
   61.232000000000049        1.7647790203021181        8.6658882325168690E-002
   61.831333333333383        1.9944990465430958        9.2277206529405187E-002
   62.430666666666717        1.6564695585044014        8.4479110805111599E-002
   63.030000000000051        1.8380869543889766        8.9713490211898214E-002
   63.629333333333385        1.7376224035528789        8.7255534750894828E-002
   64.228666666666712        1.8031105522490221        8.8975511548576455E-002
   64.828000000000046        1.8331629624314161        9.0017519106416935E-002
   65.427333333333380        1.8528121850724737        9.0762153618630770E-002
   66.026666666666713        1.9040426749637820        9.2490901688280502E-002
   66.626000000000047        1.8115123430517919        9.0394186843988186E-002
   67.225333333333381        1.8856898952133905        9.2484584605082673E-002
   67.824666666666715        1.8623374288722179        9.2466377008516148E-002
   68.424000000000049        1.9725703115850211        9.5366794175686248E-002
   69.023333333333383        1.9070394350136763        9.3873851322790386E-002
   69.622666666666717        1.9245977303383879        9.4622518237362771E-002
   70.222000000000051        2.0323191917411547        9.7568245192728914E-002
   70.821333333333385        1.7859960768106027        9.1687938537498584E-002
   71.420666666666719        1.9044898790004510        9.4914913670927359E-002
   72.020000000000053        1.9903210595506666        9.7614994196778285E-002
   72.619333333333387        1.8184114677442520        9.3599783815190296E-002
   73.218666666666721        1.8735436860683530        9.4930135058441667E-002
   73.818000000000055        1.9062667308022114        9.6214598579741406E-002
   74.417333333333389        2.0122981801702138        9.8934166034373772E-002
   75.016666666666723        1.9838142558670264        9.8498551336297230E-002
   75.616000000000057        1.9857458431760349        9.8963325194911148E-002
   76.215333333333390        2.0818921834441708       0.10149288527740886     
   76.814666666666724        2.0152614727695224        9.9935939051461128E-002
   77.414000000000058        2.1827237816987273       0.10418525088535445     
   78.013333333333392        1.9311404539393167        9.8230221608506071E-002
   78.612666666666726        1.9992156407592703       0.10013817033557482     
   79.212000000000060        2.1302115459548192       0.10384788273509250     
   79.811333333333394        1.9419685651117400        9.9039610019851468E-002
   80.410666666666728        1.9885287371169997       0.10036733340655860     
   81.010000000000062        2.1525987364271555       0.10456545185062159     
   81.609333333333396        2.0428164244017792       0.10219242544050094     
   82.208666666666730        2.0228162068209938       0.10170681406251679     
   82.808000000000064        2.0364527274854818       0.10213271692805515     
   83.407333333333398        2.1917392727175744       0.10608863363125638     
   84.006666666666732        2.0529938110005710       0.10283179367688260     
   84.606000000000066        2.0712854504945479       0.10348620247786625     
   85.205333333333400        1.9984065535869748       0.10178394855036613     
   85.804666666666733        2.2236040641921671       0.10737700531683375     
   86.404000000000067        2.1279897320045307       0.10513529336108410     
   87.003333333333401        2.2947691162295505       0.10903346827260424     
   87.602666666666735        1.9971482799230771       0.10185362782237090     
   88.202000000000069        1.9941171581329535       0.10196604665292025     
   88.801333333333403        2.1846510072018330       0.10650331552783464     
   89.400666666666737        2.0924378226081957       0.10428148322935750     
   90.000000000000071        2.0472799622046378       0.10359722969925497     
   90.599333333333405        2.2385180637323465       0.10822344079271864     
   91.198666666666739        2.1927661030778731       0.10677066331079638     
   91.798000000000073        1.9669226659703116       0.10111017132526962     
   92.397333333333407        2.1445650802189049       0.10543716145523202     
   92.996666666666741        2.0210639275661557       0.10240428461382507     
   93.596000000000075        2.1022134967130000       0.10424807915675155     
   94.195333333333409        1.8668608279734751        9.8626643134782935E-002
   94.794666666666743        1.9562827332597938       0.10042992110857255     
   95.394000000000077        1.9780486974241123       0.10101175988116153     
   95.993333333333410        2.1161973222590711       0.10480923878712996     
   96.592666666666744        2.0314389921587637       0.10201064421848352     
   97.192000000000078        2.0616998532731956       0.10274921155889311     
   97.791333333333412        2.0362809401501361       0.10186612229741397     
   98.390666666666746        1.8765751176629681        9.7776012606031665E-002
   98.990000000000080        2.0537205456640075       0.10196980424980552     
   99.589333333333414        1.9665722515796800        9.9643628037111506E-002
   100.18866666666675        1.7970170002272217        9.5205888554375520E-002
   100.78800000000008        2.2369071048325906       0.10592259924819322     
   101.38733333333342        1.9649241582684700        9.9302512450798602E-002
   101.98666666666675        2.0090421028797083       0.10000002970722265     
   102.58600000000008        2.2160629940313652       0.10469941631298321     
   103.18533333333342        1.8623746354251056        9.5863725707652753E-002
   103.78466666666675        1.9506373080520998        9.7952709786171363E-002
   104.38400000000009        2.0615549646671290       0.10038187542223605     
   104.98333333333342        2.0640548896524944       0.10014525378242886     
   105.58266666666675        1.7864476896373227        9.2953525516538349E-002
   106.18200000000009        1.9646416929938262        9.7666516707978851E-002
   106.78133333333342        1.9611278522057416        9.6891925520780339E-002
   107.38066666666676        1.9347058458076158        9.6060166876747746E-002
   107.98000000000009        2.0542412794838376        9.8849967596098709E-002
   108.57933333333342        1.9089709881545358        9.4900314076058714E-002
   109.17866666666676        1.9860571179554687        9.6361050393166309E-002
   109.77800000000009        1.9602841175658283        9.5564920829283917E-002
   110.37733333333343        2.0720281733863621        9.8004066058183431E-002
   110.97666666666676        1.8944572370976456        9.3368259122984520E-002
   111.57600000000009        1.7868610096115916        9.0304722919911998E-002
   112.17533333333343        1.9305973975515611        9.3559211485723021E-002
   112.77466666666676        2.1069664499403324        9.7480491264175601E-002
   113.37400000000009        2.0179482693881128        9.5231280171175478E-002
   113.97333333333343        1.8886631277874186        9.1635602986017362E-002
   114.57266666666676        1.9332646455028277        9.2384668729541305E-002
   115.17200000000010        1.8548437483009583        9.0316442547180797E-002
   115.77133333333343        1.7137830959314604        8.6610730430689245E-002
   116.37066666666676        1.8024741685725150        8.8296333124222470E-002
   116.97000000000010        1.7924405899745173        8.7804613574456181E-002
   117.56933333333343        1.7917444383902972        8.7769248226218330E-002
   118.16866666666677        1.8585863264865892        8.8713900417969865E-002
   118.76800000000010        1.8294710348083947        8.7728274765050698E-002
   119.36733333333343        1.8428828847620584        8.7762645604453751E-002
   119.96666666666677        1.7322630288734198        8.4958893849150924E-002
   120.56600000000010        1.7372305865672182        8.4589952270174615E-002
   121.16533333333344        1.6618236841107079        8.2409427035577881E-002
   121.76466666666677        1.6871887072545411        8.2748975818044038E-002
   122.36400000000010        1.8325707301309258        8.5906454527846510E-002
   122.96333333333344        1.7835505639867950        8.4455423766321994E-002
   123.56266666666677        1.6735870010530760        8.1588293348938981E-002
   124.16200000000011        1.6996252735580670        8.2363661653385975E-002
   124.76133333333344        1.6541234597535592        8.0542903467639218E-002
   125.36066666666677        1.6883348368903004        8.1054016179838498E-002
   125.96000000000011        1.6668866246346197        8.0118044921839188E-002
   126.55933333333344        1.7431616433421513        8.1624898364940190E-002
   127.15866666666678        1.6391281236007065        7.9059835936787379E-002
   127.75800000000011        1.6614888277492552        7.9124361094425208E-002
   128.35733333333343        1.4939743889243153        7.4925724202620100E-002
   128.95666666666676        1.5997841425743395        7.7072560848201785E-002
   129.55600000000010        1.5817842227611079        7.6563818864517658E-002
   130.15533333333343        1.4446730943966313        7.3103840960638183E-002
   130.75466666666676        1.5793200315807177        7.5820543314765579E-002
   131.35400000000010        1.3623349283638801        7.0218389436417492E-002
   131.95333333333343        1.4315187122295474        7.1612765251768670E-002
   132.55266666666677        1.4150844499662947        7.0969743074351194E-002
   133.15200000000010        1.5180921227455755        7.3222648943447460E-002
   133.75133333333343        1.4999559583898900        7.2518233254321593E-002
   134.35066666666677        1.5991360894644706        7.4715083742459873E-002
   134.95000000000010        1.5012106396532015        7.2238268915875675E-002
   135.54933333333344        1.4682128850497538        7.1150885369963932E-002
   136.14866666666677        1.4747913430547204        7.0967566754534736E-002
   136.74800000000010        1.4372140339969794        7.0064114647671455E-002
   137.34733333333344        1.2873795001241544        6.5828792530842062E-002
   137.94666666666677        1.3590023453809144        6.7559639959206025E-002
   138.54600000000011        1.1910111503214584        6.3010734393696588E-002
   139.14533333333344        1.2175195233642278        6.3437194891729803E-002
   139.74466666666677        1.3135161737505812        6.5626794846568332E-002
   140.34400000000011        1.2663759452040024        6.4248839047391329E-002
   140.94333333333344        1.2071433297671992        6.2639814715937825E-002
   141.54266666666678        1.3054279816513994        6.4816114778188161E-002
   142.14200000000011        1.2215913269127494        6.2629477350703705E-002
   142.74133333333344        1.2351502505287737        6.2664604092806955E-002
   143.34066666666678        1.1703009827829063        6.0810967644999873E-002
   143.94000000000011        1.3388058720225569        6.4879980455066114E-002
   144.53933333333345        1.1430130585552565        5.9883145285081318E-002
   145.13866666666678        1.1789570289565388        6.0524192138713968E-002
   145.73800000000011        1.0797196967392997        5.7778109324737530E-002
   146.33733333333345        1.0374233993964010        5.6584986763082989E-002
   146.93666666666678        1.2199554700766657        6.1028955272706187E-002
   147.53600000000012        1.0636561686182275        5.7248319403151088E-002
   148.13533333333345        1.1121957419218729        5.7949492903245983E-002
   148.73466666666678        1.1203603621097544        5.7979895672436922E-002
   149.33400000000012        1.0773541302441587        5.6758339609211644E-002
   149.93333333333345        1.0557550116978591        5.6092647444856612E-002
   150.53266666666678       0.93506710404802440        5.2601999622615303E-002
   151.13200000000012       0.94440520046355481        5.2709363435085116E-002
   151.73133333333345       0.91860902795391652        5.1924653177131845E-002
   152.33066666666679       0.88125226697904857        5.0717942851924061E-002
   152.93000000000012       0.96635754012702202        5.2947651885821310E-002
   153.52933333333345       0.89831646487967209        5.0941788408135590E-002
   154.12866666666679       0.88598651397420503        5.0488197909106004E-002
   154.72800000000012       0.88001882945442234        5.0395138815099744E-002
   155.32733333333346       0.88057320561138497        5.0179505802852242E-002
   155.92666666666679       0.84708609650296307        4.9162571920526657E-002
   156.52600000000012       0.74287624870892444        4.5834880570785073E-002
   157.12533333333346       0.82474881461456850        4.8360137148418109E-002
   157.72466666666679       0.76992760497709867        4.6534311632446201E-002
   158.32400000000013       0.84270175179631424        4.8580176884992124E-002
   158.92333333333346       0.79443829997567417        4.7074105298573581E-002
   159.52266666666679       0.64801182313526740        4.2494470184773821E-002
   160.12200000000013       0.62302136417512366        4.1580550598721455E-002
   160.72133333333346       0.64016773484112921        4.2162459536135746E-002
   161.32066666666680       0.70767649365376806        4.4086858172522420E-002
   161.92000000000013       0.61506097454120168        4.1049403465051731E-002
   162.51933333333346       0.64846678992742834        4.2251132147331477E-002
   163.11866666666680       0.50456797265220055        3.7062238395784312E-002
   163.71800000000013       0.62854074566521689        4.1307114615144892E-002
   164.31733333333347       0.58735195265634954        4.0107039920747690E-002
   164.91666666666680       0.56370442661588549        3.9139302394008139E-002
   165.51600000000013       0.50287640724862448        3.6838294533894318E-002
   166.11533333333347       0.48557856242683556        3.6160212900936843E-002
   166.71466666666680       0.47131222183187538        3.5596553710919507E-002
   167.31400000000014       0.47521129893048375        3.5687357784230017E-002
   167.91333333333347       0.38685822047376012        3.2214837122701186E-002
   168.51266666666680       0.39649117869852624        3.2567130535239915E-002
   169.11200000000014       0.39973319118868234        3.2613551534930674E-002
   169.71133333333347       0.39109172514497637        3.2232942140240160E-002
   170.31066666666680       0.38185475434105925        3.1798305054842928E-002
   170.91000000000014       0.30499967109810194        2.8424974994318203E-002
   171.50933333333347       0.28526743175346764        2.7562954486029020E-002
   172.10866666666681       0.21397974070567355        2.4064839854551150E-002
   172.70800000000014       0.28699550710092026        2.7729790401360983E-002
   173.30733333333347       0.19705251910125732        2.2898315116056500E-002
   173.90666666666681       0.24722808260530682        2.5487638000755510E-002
   174.50600000000014       0.20087819564707754        2.3033496180182533E-002
   175.10533333333348       0.14910861475691536        1.9919815300252979E-002
   175.70466666666681       0.12902361188496608        1.8427409361060805E-002
   176.30400000000014       0.14282780381675805        1.9801253846609138E-002
   176.90333333333348       0.12220533284851469        1.8013988889058707E-002
   177.50266666666681        9.7750716904445173E-002   1.6067118034018391E-002
   178.10200000000015        5.5520112895160449E-002   1.2114196536037484E-002
   178.70133333333348        5.3094487907146069E-002   1.1871083575380782E-002
   179.30066666666681        1.9335096123091061E-002   7.3077093071979267E-003
