   3.6114061280010916        0.0000000000000000        0.0000000000000000     
   3.6119044613344249        0.0000000000000000        0.0000000000000000     
   3.6124027946677582        0.0000000000000000        0.0000000000000000     
   3.6129011280010914        0.0000000000000000        0.0000000000000000     
   3.6133994613344247        0.0000000000000000        0.0000000000000000     
   3.6138977946677580        0.0000000000000000        0.0000000000000000     
   3.6143961280010912        0.0000000000000000        0.0000000000000000     
   3.6148944613344245        0.0000000000000000        0.0000000000000000     
   3.6153927946677578        0.0000000000000000        0.0000000000000000     
   3.6158911280010910        0.0000000000000000        0.0000000000000000     
   3.6163894613344243        0.0000000000000000        0.0000000000000000     
   3.6168877946677576        0.0000000000000000        0.0000000000000000     
   3.6173861280010908        0.0000000000000000        0.0000000000000000     
   3.6178844613344241        0.0000000000000000        0.0000000000000000     
   3.6183827946677574        0.0000000000000000        0.0000000000000000     
   3.6188811280010906        0.0000000000000000        0.0000000000000000     
   3.6193794613344239        0.0000000000000000        0.0000000000000000     
   3.6198777946677572        0.0000000000000000        0.0000000000000000     
   3.6203761280010904        0.0000000000000000        0.0000000000000000     
   3.6208744613344237        0.0000000000000000        0.0000000000000000     
   3.6213727946677570        0.0000000000000000        0.0000000000000000     
   3.6218711280010902        0.0000000000000000        0.0000000000000000     
   3.6223694613344235        0.0000000000000000        0.0000000000000000     
   3.6228677946677568        0.0000000000000000        0.0000000000000000     
   3.6233661280010900        0.0000000000000000        0.0000000000000000     
   3.6238644613344233        0.0000000000000000        0.0000000000000000     
   3.6243627946677566        0.0000000000000000        0.0000000000000000     
   3.6248611280010898        0.0000000000000000        0.0000000000000000     
   3.6253594613344231        0.0000000000000000        0.0000000000000000     
   3.6258577946677564        0.0000000000000000        0.0000000000000000     
   3.6263561280010896        0.0000000000000000        0.0000000000000000     
   3.6268544613344229        0.0000000000000000        0.0000000000000000     
   3.6273527946677562        0.0000000000000000        0.0000000000000000     
   3.6278511280010894        0.0000000000000000        0.0000000000000000     
   3.6283494613344227        0.0000000000000000        0.0000000000000000     
   3.6288477946677560        0.0000000000000000        0.0000000000000000     
   3.6293461280010892        0.0000000000000000        0.0000000000000000     
   3.6298444613344225        0.0000000000000000        0.0000000000000000     
   3.6303427946677558        0.0000000000000000        0.0000000000000000     
   3.6308411280010890        0.0000000000000000        0.0000000000000000     
   3.6313394613344223        0.0000000000000000        0.0000000000000000     
   3.6318377946677556        0.0000000000000000        0.0000000000000000     
   3.6323361280010888        0.0000000000000000        0.0000000000000000     
   3.6328344613344221        0.0000000000000000        0.0000000000000000     
   3.6333327946677554        0.0000000000000000        0.0000000000000000     
   3.6338311280010887        0.0000000000000000        0.0000000000000000     
   3.6343294613344219        0.0000000000000000        0.0000000000000000     
   3.6348277946677552        0.0000000000000000        0.0000000000000000     
   3.6353261280010885        0.0000000000000000        0.0000000000000000     
   3.6358244613344217        0.0000000000000000        0.0000000000000000     
   3.6363227946677550        0.0000000000000000        0.0000000000000000     
   3.6368211280010883        0.0000000000000000        0.0000000000000000     
   3.6373194613344215        0.0000000000000000        0.0000000000000000     
   3.6378177946677548        0.0000000000000000        0.0000000000000000     
   3.6383161280010881        0.0000000000000000        0.0000000000000000     
   3.6388144613344213        0.0000000000000000        0.0000000000000000     
   3.6393127946677546        0.0000000000000000        0.0000000000000000     
   3.6398111280010879        0.0000000000000000        0.0000000000000000     
   3.6403094613344211        0.0000000000000000        0.0000000000000000     
   3.6408077946677544        0.0000000000000000        0.0000000000000000     
   3.6413061280010877        0.0000000000000000        0.0000000000000000     
   3.6418044613344209        0.0000000000000000        0.0000000000000000     
   3.6423027946677542        0.0000000000000000        0.0000000000000000     
   3.6428011280010875        0.0000000000000000        0.0000000000000000     
   3.6432994613344207        0.0000000000000000        0.0000000000000000     
   3.6437977946677540        0.0000000000000000        0.0000000000000000     
   3.6442961280010873        0.0000000000000000        0.0000000000000000     
   3.6447944613344205        0.0000000000000000        0.0000000000000000     
   3.6452927946677538        0.0000000000000000        0.0000000000000000     
   3.6457911280010871        0.0000000000000000        0.0000000000000000     
   3.6462894613344203        0.0000000000000000        0.0000000000000000     
   3.6467877946677536        0.0000000000000000        0.0000000000000000     
   3.6472861280010869        0.0000000000000000        0.0000000000000000     
   3.6477844613344201        0.0000000000000000        0.0000000000000000     
   3.6482827946677534        0.0000000000000000        0.0000000000000000     
   3.6487811280010867        0.0000000000000000        0.0000000000000000     
   3.6492794613344199        0.0000000000000000        0.0000000000000000     
   3.6497777946677532        0.0000000000000000        0.0000000000000000     
   3.6502761280010865        0.0000000000000000        0.0000000000000000     
   3.6507744613344197        0.0000000000000000        0.0000000000000000     
   3.6512727946677530        0.0000000000000000        0.0000000000000000     
   3.6517711280010863        0.0000000000000000        0.0000000000000000     
   3.6522694613344195        0.0000000000000000        0.0000000000000000     
   3.6527677946677528        0.0000000000000000        0.0000000000000000     
   3.6532661280010861        0.0000000000000000        0.0000000000000000     
   3.6537644613344193        0.0000000000000000        0.0000000000000000     
   3.6542627946677526        0.0000000000000000        0.0000000000000000     
   3.6547611280010859        0.0000000000000000        0.0000000000000000     
   3.6552594613344191        0.0000000000000000        0.0000000000000000     
   3.6557577946677524        0.0000000000000000        0.0000000000000000     
   3.6562561280010857        0.0000000000000000        0.0000000000000000     
   3.6567544613344189        0.0000000000000000        0.0000000000000000     
   3.6572527946677522        0.0000000000000000        0.0000000000000000     
   3.6577511280010855        0.0000000000000000        0.0000000000000000     
   3.6582494613344188        0.0000000000000000        0.0000000000000000     
   3.6587477946677520        0.0000000000000000        0.0000000000000000     
   3.6592461280010853        0.0000000000000000        0.0000000000000000     
   3.6597444613344186        0.0000000000000000        0.0000000000000000     
   3.6602427946677518        0.0000000000000000        0.0000000000000000     
   3.6607411280010851        0.0000000000000000        0.0000000000000000     
   3.6612394613344184        0.0000000000000000        0.0000000000000000     
   3.6617377946677516        0.0000000000000000        0.0000000000000000     
   3.6622361280010849        0.0000000000000000        0.0000000000000000     
   3.6627344613344182        0.0000000000000000        0.0000000000000000     
   3.6632327946677514        0.0000000000000000        0.0000000000000000     
   3.6637311280010847        0.0000000000000000        0.0000000000000000     
   3.6642294613344180        0.0000000000000000        0.0000000000000000     
   3.6647277946677512        0.0000000000000000        0.0000000000000000     
   3.6652261280010845        0.0000000000000000        0.0000000000000000     
   3.6657244613344178        0.0000000000000000        0.0000000000000000     
   3.6662227946677510        0.0000000000000000        0.0000000000000000     
   3.6667211280010843        0.0000000000000000        0.0000000000000000     
   3.6672194613344176        0.0000000000000000        0.0000000000000000     
   3.6677177946677508        0.0000000000000000        0.0000000000000000     
   3.6682161280010841        0.0000000000000000        0.0000000000000000     
   3.6687144613344174        0.0000000000000000        0.0000000000000000     
   3.6692127946677506        0.0000000000000000        0.0000000000000000     
   3.6697111280010839        0.0000000000000000        0.0000000000000000     
   3.6702094613344172        0.0000000000000000        0.0000000000000000     
   3.6707077946677504        0.0000000000000000        0.0000000000000000     
   3.6712061280010837        0.0000000000000000        0.0000000000000000     
   3.6717044613344170        0.0000000000000000        0.0000000000000000     
   3.6722027946677502        0.0000000000000000        0.0000000000000000     
   3.6727011280010835        0.0000000000000000        0.0000000000000000     
   3.6731994613344168        0.0000000000000000        0.0000000000000000     
   3.6736977946677500        0.0000000000000000        0.0000000000000000     
   3.6741961280010833        0.0000000000000000        0.0000000000000000     
   3.6746944613344166        0.0000000000000000        0.0000000000000000     
   3.6751927946677498        0.0000000000000000        0.0000000000000000     
   3.6756911280010831        0.0000000000000000        0.0000000000000000     
   3.6761894613344164        0.0000000000000000        0.0000000000000000     
   3.6766877946677496        0.0000000000000000        0.0000000000000000     
   3.6771861280010829        0.0000000000000000        0.0000000000000000     
   3.6776844613344162        0.0000000000000000        0.0000000000000000     
   3.6781827946677494        0.0000000000000000        0.0000000000000000     
   3.6786811280010827        0.0000000000000000        0.0000000000000000     
   3.6791794613344160        0.0000000000000000        0.0000000000000000     
   3.6796777946677492        0.0000000000000000        0.0000000000000000     
   3.6801761280010825        0.0000000000000000        0.0000000000000000     
   3.6806744613344158        0.0000000000000000        0.0000000000000000     
   3.6811727946677490        0.0000000000000000        0.0000000000000000     
   3.6816711280010823        0.0000000000000000        0.0000000000000000     
   3.6821694613344156        0.0000000000000000        0.0000000000000000     
   3.6826677946677489        0.0000000000000000        0.0000000000000000     
   3.6831661280010821        0.0000000000000000        0.0000000000000000     
   3.6836644613344154        0.0000000000000000        0.0000000000000000     
   3.6841627946677487        0.0000000000000000        0.0000000000000000     
   3.6846611280010819        0.0000000000000000        0.0000000000000000     
   3.6851594613344152        0.0000000000000000        0.0000000000000000     
   3.6856577946677485        0.0000000000000000        0.0000000000000000     
   3.6861561280010817        0.0000000000000000        0.0000000000000000     
   3.6866544613344150        0.0000000000000000        0.0000000000000000     
   3.6871527946677483        0.0000000000000000        0.0000000000000000     
   3.6876511280010815        0.0000000000000000        0.0000000000000000     
   3.6881494613344148        0.0000000000000000        0.0000000000000000     
   3.6886477946677481        0.0000000000000000        0.0000000000000000     
   3.6891461280010813        0.0000000000000000        0.0000000000000000     
   3.6896444613344146        0.0000000000000000        0.0000000000000000     
   3.6901427946677479        0.0000000000000000        0.0000000000000000     
   3.6906411280010811        0.0000000000000000        0.0000000000000000     
   3.6911394613344144        0.0000000000000000        0.0000000000000000     
   3.6916377946677477        0.0000000000000000        0.0000000000000000     
   3.6921361280010809        0.0000000000000000        0.0000000000000000     
   3.6926344613344142        0.0000000000000000        0.0000000000000000     
   3.6931327946677475        0.0000000000000000        0.0000000000000000     
   3.6936311280010807        0.0000000000000000        0.0000000000000000     
   3.6941294613344140        0.0000000000000000        0.0000000000000000     
   3.6946277946677473        0.0000000000000000        0.0000000000000000     
   3.6951261280010805        0.0000000000000000        0.0000000000000000     
   3.6956244613344138        0.0000000000000000        0.0000000000000000     
   3.6961227946677471        0.0000000000000000        0.0000000000000000     
   3.6966211280010803        0.0000000000000000        0.0000000000000000     
   3.6971194613344136        0.0000000000000000        0.0000000000000000     
   3.6976177946677469        0.0000000000000000        0.0000000000000000     
   3.6981161280010801        0.0000000000000000        0.0000000000000000     
   3.6986144613344134        0.0000000000000000        0.0000000000000000     
   3.6991127946677467        0.0000000000000000        0.0000000000000000     
   3.6996111280010799        0.0000000000000000        0.0000000000000000     
   3.7001094613344132        0.0000000000000000        0.0000000000000000     
   3.7006077946677465        0.0000000000000000        0.0000000000000000     
   3.7011061280010797        0.0000000000000000        0.0000000000000000     
   3.7016044613344130        0.0000000000000000        0.0000000000000000     
   3.7021027946677463        0.0000000000000000        0.0000000000000000     
   3.7026011280010795        0.0000000000000000        0.0000000000000000     
   3.7030994613344128        0.0000000000000000        0.0000000000000000     
   3.7035977946677461        0.0000000000000000        0.0000000000000000     
   3.7040961280010793        0.0000000000000000        0.0000000000000000     
   3.7045944613344126        0.0000000000000000        0.0000000000000000     
   3.7050927946677459        0.0000000000000000        0.0000000000000000     
   3.7055911280010791        0.0000000000000000        0.0000000000000000     
   3.7060894613344124        0.0000000000000000        0.0000000000000000     
   3.7065877946677457        0.0000000000000000        0.0000000000000000     
   3.7070861280010790        0.0000000000000000        0.0000000000000000     
   3.7075844613344122        0.0000000000000000        0.0000000000000000     
   3.7080827946677455        0.0000000000000000        0.0000000000000000     
   3.7085811280010788        0.0000000000000000        0.0000000000000000     
   3.7090794613344120        0.0000000000000000        0.0000000000000000     
   3.7095777946677453        0.0000000000000000        0.0000000000000000     
   3.7100761280010786        0.0000000000000000        0.0000000000000000     
   3.7105744613344118        0.0000000000000000        0.0000000000000000     
   3.7110727946677451        0.0000000000000000        0.0000000000000000     
   3.7115711280010784        0.0000000000000000        0.0000000000000000     
   3.7120694613344116        0.0000000000000000        0.0000000000000000     
   3.7125677946677449        0.0000000000000000        0.0000000000000000     
   3.7130661280010782        0.0000000000000000        0.0000000000000000     
   3.7135644613344114        0.0000000000000000        0.0000000000000000     
   3.7140627946677447        0.0000000000000000        0.0000000000000000     
   3.7145611280010780        0.0000000000000000        0.0000000000000000     
   3.7150594613344112        0.0000000000000000        0.0000000000000000     
   3.7155577946677445        0.0000000000000000        0.0000000000000000     
   3.7160561280010778        0.0000000000000000        0.0000000000000000     
   3.7165544613344110        0.0000000000000000        0.0000000000000000     
   3.7170527946677443        0.0000000000000000        0.0000000000000000     
   3.7175511280010776        0.0000000000000000        0.0000000000000000     
   3.7180494613344108        0.0000000000000000        0.0000000000000000     
   3.7185477946677441        0.0000000000000000        0.0000000000000000     
   3.7190461280010774        0.0000000000000000        0.0000000000000000     
   3.7195444613344106        0.0000000000000000        0.0000000000000000     
   3.7200427946677439        0.0000000000000000        0.0000000000000000     
   3.7205411280010772        0.0000000000000000        0.0000000000000000     
   3.7210394613344104        0.0000000000000000        0.0000000000000000     
   3.7215377946677437        0.0000000000000000        0.0000000000000000     
   3.7220361280010770        0.0000000000000000        0.0000000000000000     
   3.7225344613344102        0.0000000000000000        0.0000000000000000     
   3.7230327946677435        0.0000000000000000        0.0000000000000000     
   3.7235311280010768        0.0000000000000000        0.0000000000000000     
   3.7240294613344100        0.0000000000000000        0.0000000000000000     
   3.7245277946677433        0.0000000000000000        0.0000000000000000     
   3.7250261280010766        0.0000000000000000        0.0000000000000000     
   3.7255244613344098        0.0000000000000000        0.0000000000000000     
   3.7260227946677431        0.0000000000000000        0.0000000000000000     
   3.7265211280010764        0.0000000000000000        0.0000000000000000     
   3.7270194613344096        0.0000000000000000        0.0000000000000000     
   3.7275177946677429        0.0000000000000000        0.0000000000000000     
   3.7280161280010762        0.0000000000000000        0.0000000000000000     
   3.7285144613344094        0.0000000000000000        0.0000000000000000     
   3.7290127946677427        0.0000000000000000        0.0000000000000000     
   3.7295111280010760        0.0000000000000000        0.0000000000000000     
   3.7300094613344092        0.0000000000000000        0.0000000000000000     
   3.7305077946677425        0.0000000000000000        0.0000000000000000     
   3.7310061280010758        0.0000000000000000        0.0000000000000000     
   3.7315044613344091        0.0000000000000000        0.0000000000000000     
   3.7320027946677423        0.0000000000000000        0.0000000000000000     
   3.7325011280010756        0.0000000000000000        0.0000000000000000     
   3.7329994613344089        0.0000000000000000        0.0000000000000000     
   3.7334977946677421        0.0000000000000000        0.0000000000000000     
   3.7339961280010754        0.0000000000000000        0.0000000000000000     
   3.7344944613344087        0.0000000000000000        0.0000000000000000     
   3.7349927946677419        0.0000000000000000        0.0000000000000000     
   3.7354911280010752        0.0000000000000000        0.0000000000000000     
   3.7359894613344085        0.0000000000000000        0.0000000000000000     
   3.7364877946677417        0.0000000000000000        0.0000000000000000     
   3.7369861280010750        0.0000000000000000        0.0000000000000000     
   3.7374844613344083        0.0000000000000000        0.0000000000000000     
   3.7379827946677415        0.0000000000000000        0.0000000000000000     
   3.7384811280010748        0.0000000000000000        0.0000000000000000     
   3.7389794613344081        0.0000000000000000        0.0000000000000000     
   3.7394777946677413        0.0000000000000000        0.0000000000000000     
   3.7399761280010746        0.0000000000000000        0.0000000000000000     
   3.7404744613344079        0.0000000000000000        0.0000000000000000     
   3.7409727946677411        0.0000000000000000        0.0000000000000000     
   3.7414711280010744        0.0000000000000000        0.0000000000000000     
   3.7419694613344077        0.0000000000000000        0.0000000000000000     
   3.7424677946677409        0.0000000000000000        0.0000000000000000     
   3.7429661280010742        0.0000000000000000        0.0000000000000000     
   3.7434644613344075        0.0000000000000000        0.0000000000000000     
   3.7439627946677407        0.0000000000000000        0.0000000000000000     
   3.7444611280010740        0.0000000000000000        0.0000000000000000     
   3.7449594613344073        0.0000000000000000        0.0000000000000000     
   3.7454577946677405        0.0000000000000000        0.0000000000000000     
   3.7459561280010738        0.0000000000000000        0.0000000000000000     
   3.7464544613344071        0.0000000000000000        0.0000000000000000     
   3.7469527946677403        0.0000000000000000        0.0000000000000000     
   3.7474511280010736        0.0000000000000000        0.0000000000000000     
   3.7479494613344069        0.0000000000000000        0.0000000000000000     
   3.7484477946677401        0.0000000000000000        0.0000000000000000     
   3.7489461280010734        0.0000000000000000        0.0000000000000000     
   3.7494444613344067        0.0000000000000000        0.0000000000000000     
   3.7499427946677399        0.0000000000000000        0.0000000000000000     
   3.7504411280010732        0.0000000000000000        0.0000000000000000     
   3.7509394613344065        0.0000000000000000        0.0000000000000000     
   3.7514377946677397        0.0000000000000000        0.0000000000000000     
   3.7519361280010730        0.0000000000000000        0.0000000000000000     
   3.7524344613344063        0.0000000000000000        0.0000000000000000     
   3.7529327946677395        0.0000000000000000        0.0000000000000000     
   3.7534311280010728        0.0000000000000000        0.0000000000000000     
   3.7539294613344061        0.0000000000000000        0.0000000000000000     
   3.7544277946677393        0.0000000000000000        0.0000000000000000     
   3.7549261280010726        0.0000000000000000        0.0000000000000000     
   3.7554244613344059        0.0000000000000000        0.0000000000000000     
   3.7559227946677392        0.0000000000000000        0.0000000000000000     
   3.7564211280010724        0.0000000000000000        0.0000000000000000     
   3.7569194613344057        0.0000000000000000        0.0000000000000000     
   3.7574177946677390        0.0000000000000000        0.0000000000000000     
   3.7579161280010722        0.0000000000000000        0.0000000000000000     
   3.7584144613344055        0.0000000000000000        0.0000000000000000     
   3.7589127946677388        0.0000000000000000        0.0000000000000000     
   3.7594111280010720        0.0000000000000000        0.0000000000000000     
   3.7599094613344053        0.0000000000000000        0.0000000000000000     
   3.7604077946677386        0.0000000000000000        0.0000000000000000     
