   3.0736947600196229        0.0000000000000000        0.0000000000000000     
   3.0738495933529562        0.0000000000000000        0.0000000000000000     
   3.0740044266862894        0.0000000000000000        0.0000000000000000     
   3.0741592600196226        0.0000000000000000        0.0000000000000000     
   3.0743140933529558        0.0000000000000000        0.0000000000000000     
   3.0744689266862890        0.0000000000000000        0.0000000000000000     
   3.0746237600196222        0.0000000000000000        0.0000000000000000     
   3.0747785933529554        0.0000000000000000        0.0000000000000000     
   3.0749334266862887        0.0000000000000000        0.0000000000000000     
   3.0750882600196219        0.0000000000000000        0.0000000000000000     
   3.0752430933529551        0.0000000000000000        0.0000000000000000     
   3.0753979266862883        0.0000000000000000        0.0000000000000000     
   3.0755527600196215        0.0000000000000000        0.0000000000000000     
   3.0757075933529547        0.0000000000000000        0.0000000000000000     
   3.0758624266862880        0.0000000000000000        0.0000000000000000     
   3.0760172600196212        0.0000000000000000        0.0000000000000000     
   3.0761720933529544        0.0000000000000000        0.0000000000000000     
   3.0763269266862876        0.0000000000000000        0.0000000000000000     
   3.0764817600196208        0.0000000000000000        0.0000000000000000     
   3.0766365933529540        0.0000000000000000        0.0000000000000000     
   3.0767914266862872        0.0000000000000000        0.0000000000000000     
   3.0769462600196205        0.0000000000000000        0.0000000000000000     
   3.0771010933529537        0.0000000000000000        0.0000000000000000     
   3.0772559266862869        0.0000000000000000        0.0000000000000000     
   3.0774107600196201        0.0000000000000000        0.0000000000000000     
   3.0775655933529533        0.0000000000000000        0.0000000000000000     
   3.0777204266862865        0.0000000000000000        0.0000000000000000     
   3.0778752600196198        0.0000000000000000        0.0000000000000000     
   3.0780300933529530        0.0000000000000000        0.0000000000000000     
   3.0781849266862862        0.0000000000000000        0.0000000000000000     
   3.0783397600196194        0.0000000000000000        0.0000000000000000     
   3.0784945933529526        0.0000000000000000        0.0000000000000000     
   3.0786494266862858        0.0000000000000000        0.0000000000000000     
   3.0788042600196190        0.0000000000000000        0.0000000000000000     
   3.0789590933529523        0.0000000000000000        0.0000000000000000     
   3.0791139266862855        0.0000000000000000        0.0000000000000000     
   3.0792687600196187        0.0000000000000000        0.0000000000000000     
   3.0794235933529519        0.0000000000000000        0.0000000000000000     
   3.0795784266862851        0.0000000000000000        0.0000000000000000     
   3.0797332600196183        0.0000000000000000        0.0000000000000000     
   3.0798880933529516        0.0000000000000000        0.0000000000000000     
   3.0800429266862848        0.0000000000000000        0.0000000000000000     
   3.0801977600196180        0.0000000000000000        0.0000000000000000     
   3.0803525933529512        0.0000000000000000        0.0000000000000000     
   3.0805074266862844        0.0000000000000000        0.0000000000000000     
   3.0806622600196176        0.0000000000000000        0.0000000000000000     
   3.0808170933529508        0.0000000000000000        0.0000000000000000     
   3.0809719266862841        0.0000000000000000        0.0000000000000000     
   3.0811267600196173        0.0000000000000000        0.0000000000000000     
   3.0812815933529505        0.0000000000000000        0.0000000000000000     
   3.0814364266862837        0.0000000000000000        0.0000000000000000     
   3.0815912600196169        0.0000000000000000        0.0000000000000000     
   3.0817460933529501        0.0000000000000000        0.0000000000000000     
   3.0819009266862833        0.0000000000000000        0.0000000000000000     
   3.0820557600196166        0.0000000000000000        0.0000000000000000     
   3.0822105933529498        0.0000000000000000        0.0000000000000000     
   3.0823654266862830        0.0000000000000000        0.0000000000000000     
   3.0825202600196162        0.0000000000000000        0.0000000000000000     
   3.0826750933529494        0.0000000000000000        0.0000000000000000     
   3.0828299266862826        0.0000000000000000        0.0000000000000000     
   3.0829847600196159        0.0000000000000000        0.0000000000000000     
   3.0831395933529491        0.0000000000000000        0.0000000000000000     
   3.0832944266862823        0.0000000000000000        0.0000000000000000     
   3.0834492600196155        0.0000000000000000        0.0000000000000000     
   3.0836040933529487        0.0000000000000000        0.0000000000000000     
   3.0837589266862819        0.0000000000000000        0.0000000000000000     
   3.0839137600196151        0.0000000000000000        0.0000000000000000     
   3.0840685933529484        0.0000000000000000        0.0000000000000000     
   3.0842234266862816        0.0000000000000000        0.0000000000000000     
   3.0843782600196148        0.0000000000000000        0.0000000000000000     
   3.0845330933529480        0.0000000000000000        0.0000000000000000     
   3.0846879266862812        0.0000000000000000        0.0000000000000000     
   3.0848427600196144        0.0000000000000000        0.0000000000000000     
   3.0849975933529477        0.0000000000000000        0.0000000000000000     
   3.0851524266862809        0.0000000000000000        0.0000000000000000     
   3.0853072600196141        0.0000000000000000        0.0000000000000000     
   3.0854620933529473        0.0000000000000000        0.0000000000000000     
   3.0856169266862805        0.0000000000000000        0.0000000000000000     
   3.0857717600196137        0.0000000000000000        0.0000000000000000     
   3.0859265933529469        0.0000000000000000        0.0000000000000000     
   3.0860814266862802        0.0000000000000000        0.0000000000000000     
   3.0862362600196134        0.0000000000000000        0.0000000000000000     
   3.0863910933529466        0.0000000000000000        0.0000000000000000     
   3.0865459266862798        0.0000000000000000        0.0000000000000000     
   3.0867007600196130        0.0000000000000000        0.0000000000000000     
   3.0868555933529462        0.0000000000000000        0.0000000000000000     
   3.0870104266862795        0.0000000000000000        0.0000000000000000     
   3.0871652600196127        0.0000000000000000        0.0000000000000000     
   3.0873200933529459        0.0000000000000000        0.0000000000000000     
   3.0874749266862791        0.0000000000000000        0.0000000000000000     
   3.0876297600196123        0.0000000000000000        0.0000000000000000     
   3.0877845933529455        0.0000000000000000        0.0000000000000000     
   3.0879394266862787        0.0000000000000000        0.0000000000000000     
   3.0880942600196120        0.0000000000000000        0.0000000000000000     
   3.0882490933529452        0.0000000000000000        0.0000000000000000     
   3.0884039266862784        0.0000000000000000        0.0000000000000000     
   3.0885587600196116        0.0000000000000000        0.0000000000000000     
   3.0887135933529448        0.0000000000000000        0.0000000000000000     
   3.0888684266862780        0.0000000000000000        0.0000000000000000     
   3.0890232600196113        0.0000000000000000        0.0000000000000000     
   3.0891780933529445        0.0000000000000000        0.0000000000000000     
   3.0893329266862777        0.0000000000000000        0.0000000000000000     
   3.0894877600196109        0.0000000000000000        0.0000000000000000     
   3.0896425933529441        0.0000000000000000        0.0000000000000000     
   3.0897974266862773        0.0000000000000000        0.0000000000000000     
   3.0899522600196105        0.0000000000000000        0.0000000000000000     
   3.0901070933529438        0.0000000000000000        0.0000000000000000     
   3.0902619266862770        0.0000000000000000        0.0000000000000000     
   3.0904167600196102        0.0000000000000000        0.0000000000000000     
   3.0905715933529434        0.0000000000000000        0.0000000000000000     
   3.0907264266862766        0.0000000000000000        0.0000000000000000     
   3.0908812600196098        0.0000000000000000        0.0000000000000000     
   3.0910360933529430        0.0000000000000000        0.0000000000000000     
   3.0911909266862763        0.0000000000000000        0.0000000000000000     
   3.0913457600196095        0.0000000000000000        0.0000000000000000     
   3.0915005933529427        0.0000000000000000        0.0000000000000000     
   3.0916554266862759        0.0000000000000000        0.0000000000000000     
   3.0918102600196091        0.0000000000000000        0.0000000000000000     
   3.0919650933529423        0.0000000000000000        0.0000000000000000     
   3.0921199266862756        0.0000000000000000        0.0000000000000000     
   3.0922747600196088        0.0000000000000000        0.0000000000000000     
   3.0924295933529420        0.0000000000000000        0.0000000000000000     
   3.0925844266862752        0.0000000000000000        0.0000000000000000     
   3.0927392600196084        0.0000000000000000        0.0000000000000000     
   3.0928940933529416        0.0000000000000000        0.0000000000000000     
   3.0930489266862748        0.0000000000000000        0.0000000000000000     
   3.0932037600196081        0.0000000000000000        0.0000000000000000     
   3.0933585933529413        0.0000000000000000        0.0000000000000000     
   3.0935134266862745        0.0000000000000000        0.0000000000000000     
   3.0936682600196077        0.0000000000000000        0.0000000000000000     
   3.0938230933529409        0.0000000000000000        0.0000000000000000     
   3.0939779266862741        0.0000000000000000        0.0000000000000000     
   3.0941327600196074        0.0000000000000000        0.0000000000000000     
   3.0942875933529406        0.0000000000000000        0.0000000000000000     
   3.0944424266862738        0.0000000000000000        0.0000000000000000     
   3.0945972600196070        0.0000000000000000        0.0000000000000000     
   3.0947520933529402        0.0000000000000000        0.0000000000000000     
   3.0949069266862734        0.0000000000000000        0.0000000000000000     
   3.0950617600196066        0.0000000000000000        0.0000000000000000     
   3.0952165933529399        0.0000000000000000        0.0000000000000000     
   3.0953714266862731        0.0000000000000000        0.0000000000000000     
   3.0955262600196063        0.0000000000000000        0.0000000000000000     
   3.0956810933529395        0.0000000000000000        0.0000000000000000     
   3.0958359266862727        0.0000000000000000        0.0000000000000000     
   3.0959907600196059        0.0000000000000000        0.0000000000000000     
   3.0961455933529392        0.0000000000000000        0.0000000000000000     
   3.0963004266862724        0.0000000000000000        0.0000000000000000     
   3.0964552600196056        0.0000000000000000        0.0000000000000000     
   3.0966100933529388        0.0000000000000000        0.0000000000000000     
   3.0967649266862720        0.0000000000000000        0.0000000000000000     
   3.0969197600196052        0.0000000000000000        0.0000000000000000     
   3.0970745933529384        0.0000000000000000        0.0000000000000000     
   3.0972294266862717        0.0000000000000000        0.0000000000000000     
   3.0973842600196049        0.0000000000000000        0.0000000000000000     
   3.0975390933529381        0.0000000000000000        0.0000000000000000     
   3.0976939266862713        0.0000000000000000        0.0000000000000000     
   3.0978487600196045        0.0000000000000000        0.0000000000000000     
   3.0980035933529377        0.0000000000000000        0.0000000000000000     
   3.0981584266862709        0.0000000000000000        0.0000000000000000     
   3.0983132600196042        0.0000000000000000        0.0000000000000000     
   3.0984680933529374        0.0000000000000000        0.0000000000000000     
   3.0986229266862706        0.0000000000000000        0.0000000000000000     
   3.0987777600196038        0.0000000000000000        0.0000000000000000     
   3.0989325933529370        0.0000000000000000        0.0000000000000000     
   3.0990874266862702        0.0000000000000000        0.0000000000000000     
   3.0992422600196035        0.0000000000000000        0.0000000000000000     
   3.0993970933529367        0.0000000000000000        0.0000000000000000     
   3.0995519266862699        0.0000000000000000        0.0000000000000000     
   3.0997067600196031        0.0000000000000000        0.0000000000000000     
   3.0998615933529363        0.0000000000000000        0.0000000000000000     
   3.1000164266862695        0.0000000000000000        0.0000000000000000     
   3.1001712600196027        0.0000000000000000        0.0000000000000000     
   3.1003260933529360        0.0000000000000000        0.0000000000000000     
   3.1004809266862692        0.0000000000000000        0.0000000000000000     
   3.1006357600196024        0.0000000000000000        0.0000000000000000     
   3.1007905933529356        0.0000000000000000        0.0000000000000000     
   3.1009454266862688        0.0000000000000000        0.0000000000000000     
   3.1011002600196020        0.0000000000000000        0.0000000000000000     
   3.1012550933529353        0.0000000000000000        0.0000000000000000     
   3.1014099266862685        0.0000000000000000        0.0000000000000000     
   3.1015647600196017        0.0000000000000000        0.0000000000000000     
   3.1017195933529349        0.0000000000000000        0.0000000000000000     
   3.1018744266862681        0.0000000000000000        0.0000000000000000     
   3.1020292600196013        0.0000000000000000        0.0000000000000000     
   3.1021840933529345        0.0000000000000000        0.0000000000000000     
   3.1023389266862678        0.0000000000000000        0.0000000000000000     
   3.1024937600196010        0.0000000000000000        0.0000000000000000     
   3.1026485933529342        0.0000000000000000        0.0000000000000000     
   3.1028034266862674        0.0000000000000000        0.0000000000000000     
   3.1029582600196006        0.0000000000000000        0.0000000000000000     
   3.1031130933529338        0.0000000000000000        0.0000000000000000     
   3.1032679266862671        0.0000000000000000        0.0000000000000000     
   3.1034227600196003        0.0000000000000000        0.0000000000000000     
   3.1035775933529335        0.0000000000000000        0.0000000000000000     
   3.1037324266862667        0.0000000000000000        0.0000000000000000     
   3.1038872600195999        0.0000000000000000        0.0000000000000000     
   3.1040420933529331        0.0000000000000000        0.0000000000000000     
   3.1041969266862663        0.0000000000000000        0.0000000000000000     
   3.1043517600195996        0.0000000000000000        0.0000000000000000     
   3.1045065933529328        0.0000000000000000        0.0000000000000000     
   3.1046614266862660        0.0000000000000000        0.0000000000000000     
   3.1048162600195992        0.0000000000000000        0.0000000000000000     
   3.1049710933529324        0.0000000000000000        0.0000000000000000     
   3.1051259266862656        0.0000000000000000        0.0000000000000000     
   3.1052807600195989        0.0000000000000000        0.0000000000000000     
   3.1054355933529321        0.0000000000000000        0.0000000000000000     
   3.1055904266862653        0.0000000000000000        0.0000000000000000     
   3.1057452600195985        0.0000000000000000        0.0000000000000000     
   3.1059000933529317        0.0000000000000000        0.0000000000000000     
   3.1060549266862649        0.0000000000000000        0.0000000000000000     
   3.1062097600195981        0.0000000000000000        0.0000000000000000     
   3.1063645933529314        0.0000000000000000        0.0000000000000000     
   3.1065194266862646        0.0000000000000000        0.0000000000000000     
   3.1066742600195978        0.0000000000000000        0.0000000000000000     
   3.1068290933529310        0.0000000000000000        0.0000000000000000     
   3.1069839266862642        0.0000000000000000        0.0000000000000000     
   3.1071387600195974        0.0000000000000000        0.0000000000000000     
   3.1072935933529306        0.0000000000000000        0.0000000000000000     
   3.1074484266862639        0.0000000000000000        0.0000000000000000     
   3.1076032600195971        0.0000000000000000        0.0000000000000000     
   3.1077580933529303        0.0000000000000000        0.0000000000000000     
   3.1079129266862635        0.0000000000000000        0.0000000000000000     
   3.1080677600195967        0.0000000000000000        0.0000000000000000     
   3.1082225933529299        0.0000000000000000        0.0000000000000000     
   3.1083774266862632        0.0000000000000000        0.0000000000000000     
   3.1085322600195964        0.0000000000000000        0.0000000000000000     
   3.1086870933529296        0.0000000000000000        0.0000000000000000     
   3.1088419266862628        0.0000000000000000        0.0000000000000000     
   3.1089967600195960        0.0000000000000000        0.0000000000000000     
   3.1091515933529292        0.0000000000000000        0.0000000000000000     
   3.1093064266862624        0.0000000000000000        0.0000000000000000     
   3.1094612600195957        0.0000000000000000        0.0000000000000000     
   3.1096160933529289        0.0000000000000000        0.0000000000000000     
   3.1097709266862621        0.0000000000000000        0.0000000000000000     
   3.1099257600195953        0.0000000000000000        0.0000000000000000     
   3.1100805933529285        0.0000000000000000        0.0000000000000000     
   3.1102354266862617        0.0000000000000000        0.0000000000000000     
   3.1103902600195950        0.0000000000000000        0.0000000000000000     
   3.1105450933529282        0.0000000000000000        0.0000000000000000     
   3.1106999266862614        0.0000000000000000        0.0000000000000000     
   3.1108547600195946        0.0000000000000000        0.0000000000000000     
   3.1110095933529278        0.0000000000000000        0.0000000000000000     
   3.1111644266862610        0.0000000000000000        0.0000000000000000     
   3.1113192600195942        0.0000000000000000        0.0000000000000000     
   3.1114740933529275        0.0000000000000000        0.0000000000000000     
   3.1116289266862607        0.0000000000000000        0.0000000000000000     
   3.1117837600195939        0.0000000000000000        0.0000000000000000     
   3.1119385933529271        0.0000000000000000        0.0000000000000000     
   3.1120934266862603        0.0000000000000000        0.0000000000000000     
   3.1122482600195935        0.0000000000000000        0.0000000000000000     
   3.1124030933529268        0.0000000000000000        0.0000000000000000     
   3.1125579266862600        0.0000000000000000        0.0000000000000000     
   3.1127127600195932        0.0000000000000000        0.0000000000000000     
   3.1128675933529264        0.0000000000000000        0.0000000000000000     
   3.1130224266862596        0.0000000000000000        0.0000000000000000     
   3.1131772600195928        0.0000000000000000        0.0000000000000000     
   3.1133320933529260        0.0000000000000000        0.0000000000000000     
   3.1134869266862593        0.0000000000000000        0.0000000000000000     
   3.1136417600195925        0.0000000000000000        0.0000000000000000     
   3.1137965933529257        0.0000000000000000        0.0000000000000000     
   3.1139514266862589        0.0000000000000000        0.0000000000000000     
   3.1141062600195921        0.0000000000000000        0.0000000000000000     
   3.1142610933529253        0.0000000000000000        0.0000000000000000     
   3.1144159266862586        0.0000000000000000        0.0000000000000000     
   3.1145707600195918        0.0000000000000000        0.0000000000000000     
   3.1147255933529250        0.0000000000000000        0.0000000000000000     
   3.1148804266862582        0.0000000000000000        0.0000000000000000     
   3.1150352600195914        0.0000000000000000        0.0000000000000000     
   3.1151900933529246        0.0000000000000000        0.0000000000000000     
   3.1153449266862578        0.0000000000000000        0.0000000000000000     
   3.1154997600195911        0.0000000000000000        0.0000000000000000     
   3.1156545933529243        0.0000000000000000        0.0000000000000000     
   3.1158094266862575        0.0000000000000000        0.0000000000000000     
   3.1159642600195907        0.0000000000000000        0.0000000000000000     
   3.1161190933529239        0.0000000000000000        0.0000000000000000     
   3.1162739266862571        0.0000000000000000        0.0000000000000000     
   3.1164287600195903        0.0000000000000000        0.0000000000000000     
   3.1165835933529236        0.0000000000000000        0.0000000000000000     
   3.1167384266862568        0.0000000000000000        0.0000000000000000     
   3.1168932600195900        0.0000000000000000        0.0000000000000000     
   3.1170480933529232        0.0000000000000000        0.0000000000000000     
   3.1172029266862564        0.0000000000000000        0.0000000000000000     
   3.1173577600195896        0.0000000000000000        0.0000000000000000     
   3.1175125933529229        0.0000000000000000        0.0000000000000000     
   3.1176674266862561        0.0000000000000000        0.0000000000000000     
   3.1178222600195893        0.0000000000000000        0.0000000000000000     
   3.1179770933529225        0.0000000000000000        0.0000000000000000     
   3.1181319266862557        0.0000000000000000        0.0000000000000000     
   3.1182867600195889        0.0000000000000000        0.0000000000000000     
   3.1184415933529221        0.0000000000000000        0.0000000000000000     
   3.1185964266862554        0.0000000000000000        0.0000000000000000     
   3.1187512600195886        0.0000000000000000        0.0000000000000000     
   3.1189060933529218        0.0000000000000000        0.0000000000000000     
   3.1190609266862550        0.0000000000000000        0.0000000000000000     
   3.1192157600195882        0.0000000000000000        0.0000000000000000     
   3.1193705933529214        0.0000000000000000        0.0000000000000000     
   3.1195254266862547        0.0000000000000000        0.0000000000000000     
   3.1196802600195879        0.0000000000000000        0.0000000000000000     
   3.1198350933529211        0.0000000000000000        0.0000000000000000     
   3.1199899266862543        0.0000000000000000        0.0000000000000000     
