  -1.0000000000000000        121.07720615684549        3.3728868939062067     
 -0.99333333333333329        116.57427587412273        3.3198052949089911     
 -0.98666666666666658        122.05496008190913        3.4108292926687569     
 -0.97999999999999987        118.52057670849335        3.3697173768723045     
 -0.97333333333333316        115.70691122847467        3.3405527781857338     
 -0.96666666666666645        123.48341570467403        3.4630744868801351     
 -0.95999999999999974        117.93908592654935        3.3950122651540693     
 -0.95333333333333303        122.68671582667261        3.4740158818112672     
 -0.94666666666666632        110.54933228111921        3.3107643193675504     
 -0.93999999999999961        118.83003841595995        3.4423241557356343     
 -0.93333333333333290        124.68981546583329        3.5393327216481185     
 -0.92666666666666619        116.61768785312356        3.4339493472028728     
 -0.91999999999999948        117.94121779484921        3.4638449340404240     
 -0.91333333333333278        125.27583732906906        3.5808308455971640     
 -0.90666666666666607        118.95946743873397        3.5013809729386920     
 -0.89999999999999936        118.25320487825513        3.5051842076279769     
 -0.89333333333333265        118.44938000960187        3.5172520519917905     
 -0.88666666666666594        116.77490362203865        3.5051487080623280     
 -0.87999999999999923        113.46922533547014        3.4663098228289289     
 -0.87333333333333252        119.80911978070748        3.5735576762515229     
 -0.86666666666666581        117.20979969954634        3.5457070873401917     
 -0.85999999999999910        119.11414923012319        3.5851604676071700     
 -0.85333333333333239        119.60426202227065        3.6048558663510661     
 -0.84666666666666568        117.21780014382297        3.5808259208145508     
 -0.83999999999999897        112.21955307598786        3.5152214341601438     
 -0.83333333333333226        113.87534947126377        3.5530545084729019     
 -0.82666666666666555        120.40830195660513        3.6662264810510843     
 -0.81999999999999884        115.24207585190568        3.5974663073711173     
 -0.81333333333333213        116.41868846473568        3.6270763052143344     
 -0.80666666666666542        119.13096263157946        3.6863853467699292     
 -0.79999999999999871        113.79890071967566        3.6096040728210892     
 -0.79333333333333200        119.72949767584215        3.7157022066452887     
 -0.78666666666666529        113.96281959038927        3.6369950617299716     
 -0.77999999999999858        113.91804105420452        3.6468176212551655     
 -0.77333333333333187        121.20623480856746        3.7743831088555719     
 -0.76666666666666516        115.08884883710604        3.6919216165250290     
 -0.75999999999999845        114.00553999199212        3.6840197177666631     
 -0.75333333333333174        110.25480253523348        3.6362398317154452     
 -0.74666666666666504        115.76394358865880        3.7369072364351519     
 -0.73999999999999833        118.89129820244963        3.8001333168837141     
 -0.73333333333333162        115.18599245863538        3.7538849124732550     
 -0.72666666666666491        118.30458885018361        3.8129231784915638     
 -0.71999999999999820        115.99005344552475        3.7902437361389056     
 -0.71333333333333149        119.82798282860689        3.8680751398132465     
 -0.70666666666666478        116.32370194471672        3.8238232263246985     
 -0.69999999999999807        124.51304750064325        3.9635260623552968     
 -0.69333333333333136        119.45531895621987        3.8930297293245597     
 -0.68666666666666465        118.97344045292087        3.8982343048473771     
 -0.67999999999999794        111.49193151436720        3.7842772485578680     
 -0.67333333333333123        116.60551104524983        3.8928540871154089     
 -0.66666666666666452        113.06438933160005        3.8354220975183066     
 -0.65999999999999781        114.80423119642091        3.8742983662745121     
 -0.65333333333333110        119.87953123070231        3.9733043789839089     
 -0.64666666666666439        119.42492316725755        3.9758799874252366     
 -0.63999999999999768        116.22235109705021        3.9357137577390122     
 -0.63333333333333097        113.49002774553000        3.8998904253140028     
 -0.62666666666666426        120.57275463285362        4.0321344907680716     
 -0.61999999999999755        120.43200754470034        4.0411075995821282     
 -0.61333333333333084        121.72429163815772        4.0752368740942870     
 -0.60666666666666413        115.80397061947403        3.9888928151798342     
 -0.59999999999999742        119.31522106917265        4.0592418284086733     
 -0.59333333333333071        116.85026311622471        4.0297499820498057     
 -0.58666666666666401        122.93050191910014        4.1437799041609251     
 -0.57999999999999730        110.79291402516674        3.9506660744622164     
 -0.57333333333333059        119.89782683182348        4.1200669458435248     
 -0.56666666666666388        123.52081649924153        4.1974064619762510     
 -0.55999999999999717        111.78981946019830        3.9990370494555836     
 -0.55333333333333046        121.04958226313661        4.1720732494799515     
 -0.54666666666666375        120.97316047305256        4.1819629029837513     
 -0.53999999999999704        117.42554159698612        4.1346050687949845     
 -0.53333333333333033        111.80447530764495        4.0414167366512670     
 -0.52666666666666362        111.99603775848149        4.0563472683476398     
 -0.51999999999999691        113.39925802008590        4.1044264606504397     
 -0.51333333333333020        120.55120191034020        4.2314928473306166     
 -0.50666666666666349        113.53786545162218        4.1257998244970375     
 -0.49999999999999684        114.79484046613760        4.1576951210349060     
 -0.49333333333333018        121.37699026033496        4.2790937748725080     
 -0.48666666666666353        120.60086734994998        4.2785698766407521     
 -0.47999999999999687        114.58220409202008        4.1804675348838147     
 -0.47333333333333022        119.81380247032263        4.2888351636858415     
 -0.46666666666666357        115.91592853876901        4.2262989732058740     
 -0.45999999999999691        119.47404885693035        4.3017135180869630     
 -0.45333333333333026        110.63335669960479        4.1519594667232020     
 -0.44666666666666360        117.58684822172926        4.2900854328996321     
 -0.43999999999999695        107.52271598975940        4.1176810689865038     
 -0.43333333333333030        113.69761323337613        4.2400171026076787     
 -0.42666666666666364        119.99273399601223        4.3632857556481621     
 -0.41999999999999699        124.77725709099757        4.4664966442154839     
 -0.41333333333333033        121.68869997308424        4.4190677373153555     
 -0.40666666666666368        121.22624176461932        4.4169606625117286     
 -0.39999999999999702        128.60008224740946        4.5652354808619515     
 -0.39333333333333037        120.75318814440485        4.4293986084355828     
 -0.38666666666666372        115.83051623850135        4.3470108412272284     
 -0.37999999999999706        120.65011465768697        4.4467347671924937     
 -0.37333333333333041        113.04032359246122        4.3131301049001651     
 -0.36666666666666375        118.71306261275670        4.4301572012294690     
 -0.35999999999999710        116.51376275000155        4.3976386876637417     
 -0.35333333333333045        121.69066656095920        4.5035853991247077     
 -0.34666666666666379        120.33297551513080        4.4968881864681638     
 -0.33999999999999714        117.05988984339959        4.4373567930450815     
 -0.33333333333333048        112.84788751262690        4.3669317269704644     
 -0.32666666666666383        102.45435200606700        4.1672291976400704     
 -0.31999999999999718        119.24345783357478        4.5038903431469937     
 -0.31333333333333052        123.47742665622667        4.5919007387679533     
 -0.30666666666666387        118.99174933973343        4.5171180072993860     
 -0.29999999999999721        112.66239275410516        4.4030561903326273     
 -0.29333333333333056        117.64019658165493        4.5051582719863941     
 -0.28666666666666391        117.59989650144603        4.5236403554990892     
 -0.27999999999999725        115.91528512145247        4.4991787939804651     
 -0.27333333333333060        117.54879791845693        4.5284430700769116     
 -0.26666666666666394        120.71019134772791        4.5956958229679721     
 -0.25999999999999729        114.95204050195817        4.4925413238399994     
 -0.25333333333333063        122.18247701761794        4.6382479785783657     
 -0.24666666666666398        112.36748160608238        4.4570167347376302     
 -0.23999999999999733        115.04558388018224        4.5205413436616464     
 -0.23333333333333067        120.05669586505543        4.6216041256899834     
 -0.22666666666666402        119.89637728495792        4.6257805425964005     
 -0.21999999999999736        122.53279992009848        4.6787458389548560     
 -0.21333333333333071        110.66247038209198        4.4532218064187248     
 -0.20666666666666406        111.21110051036472        4.4752863573080219     
 -0.19999999999999740        121.36006347523551        4.6787522021606245     
 -0.19333333333333075        123.95145257760100        4.7363709685088997     
 -0.18666666666666409        105.88439800213619        4.3801630057837482     
 -0.17999999999999744        112.93724187947396        4.5263837442491734     
 -0.17333333333333079        109.28924902533184        4.4600797244649000     
 -0.16666666666666413        123.99907319487285        4.7627160954686714     
 -0.15999999999999748        120.53447916158218        4.6998788484689618     
 -0.15333333333333082        115.63909975641694        4.6013586933849595     
 -0.14666666666666417        116.17835359024558        4.6154796923646009     
 -0.13999999999999752        116.83473721713752        4.6378659145689634     
 -0.13333333333333086        117.80498652596133        4.6579815512423881     
 -0.12666666666666421        122.00426491096468        4.7427321686116111     
 -0.11999999999999754        109.37698425023370        4.4938450819222906     
 -0.11333333333333087        116.48881100316757        4.6462617205713048     
 -0.10666666666666420        118.29032187540851        4.6808531978926347     
  -9.9999999999997535E-002   120.30248890122617        4.7234496982601799     
  -9.3333333333330867E-002   119.56262900909410        4.7126904141625854     
  -8.6666666666664199E-002   116.67394529987622        4.6573818420427795     
  -7.9999999999997531E-002   111.16448793662127        4.5595307255235582     
  -7.3333333333330863E-002   112.64253137070929        4.5892338759296578     
  -6.6666666666664195E-002   117.96534834795287        4.6901901849179231     
  -5.9999999999997528E-002   117.38020517738920        4.6780934166507144     
  -5.3333333333330860E-002   120.93317379558032        4.7518953655713929     
  -4.6666666666664192E-002   124.31339357776142        4.8178821975082027     
  -3.9999999999997524E-002   122.60899529988204        4.7881085459196866     
  -3.3333333333330856E-002   112.42377475157674        4.5841694511975293     
  -2.6666666666664188E-002   131.51894290800263        4.9639666952621591     
  -1.9999999999997520E-002   124.48756719687510        4.8246336890192909     
  -1.3333333333330852E-002   123.42345757311485        4.8052081913595055     
  -6.6666666666641847E-003   110.81549300356821        4.5568058710395469     
   2.4823892941228110E-015   117.07558195103955        4.6809177466176033     
   6.6666666666691495E-003   122.43124212729631        4.7848433167762670     
   1.3333333333335817E-002   114.74689432460323        4.6326861834009261     
   2.0000000000002485E-002   118.95357928913732        4.7219743984922413     
   2.6666666666669153E-002   116.00228282957161        4.6756698666633580     
   3.3333333333335817E-002   116.56094432812247        4.6716028088376005     
   4.0000000000002485E-002   125.92229550182601        4.8582519943424574     
   4.6666666666669153E-002   121.30100670863007        4.7589688972097113     
   5.3333333333335821E-002   120.84184969967455        4.7483072935692574     
   6.0000000000002489E-002   128.73043565427730        4.8974735640061882     
   6.6666666666669150E-002   118.40920564689047        4.6966583402225544     
   7.3333333333335818E-002   107.31968234809972        4.4703841349133882     
   8.0000000000002486E-002   125.81361447143711        4.8360204480613200     
   8.6666666666669154E-002   113.53087138631498        4.6024475436102374     
   9.3333333333335822E-002   121.19755552530023        4.7402657433645539     
  0.10000000000000249        115.06015898088201        4.6226542862319047     
  0.10666666666666916        114.34891946411116        4.5978282844891805     
  0.11333333333333583        108.77822322135417        4.4844752312239065     
  0.12000000000000249        114.40895353969562        4.5927842853921073     
  0.12666666666666915        119.64880040237378        4.6941459539771095     
  0.13333333333333580        115.91651066941765        4.6197436642122209     
  0.14000000000000246        111.38461319000179        4.5192023742451601     
  0.14666666666666911        119.78647217897121        4.6886658149635609     
  0.15333333333333576        118.44856012170494        4.6506632119506737     
  0.16000000000000242        125.18433425274536        4.7764875673258018     
  0.16666666666666907        111.63918510824030        4.5109026857653651     
  0.17333333333333573        122.36239859311891        4.7138764950749392     
  0.18000000000000238        113.40359406931675        4.5413827562114699     
  0.18666666666666903        115.85338071550254        4.5736416146800734     
  0.19333333333333569        118.73386091110338        4.6261536216056092     
  0.20000000000000234        114.59219930077121        4.5416628908166103     
  0.20666666666666900        114.53652463482067        4.5323119555428919     
  0.21333333333333565        126.85647786127704        4.7608020004993845     
  0.22000000000000230        114.54756456207919        4.5185520219497795     
  0.22666666666666896        113.47859686067066        4.4939833740054054     
  0.23333333333333561        118.39979404872133        4.5817791656009277     
  0.24000000000000227        120.73370115824382        4.6202136269272112     
  0.24666666666666892        122.32613619688725        4.6403426506738192     
  0.25333333333333558        124.09786550396366        4.6672003785425291     
  0.26000000000000223        127.76448131506891        4.7283646224555689     
  0.26666666666666888        116.70722490213218        4.5162724614878833     
  0.27333333333333554        115.64379946780558        4.4886552205308163     
  0.28000000000000219        120.53360018253865        4.5690381619273790     
  0.28666666666666885        116.01241859792860        4.4792819882799488     
  0.29333333333333550        106.23150764864690        4.2853615070931683     
  0.30000000000000215        114.63429382291898        4.4393922284970335     
  0.30666666666666881        121.00287929831815        4.5443437598235734     
  0.31333333333333546        118.99976469860115        4.4979175015381347     
  0.32000000000000212        112.65205014311822        4.3692368172469100     
  0.32666666666666877        119.88051565746082        4.5053653423772841     
  0.33333333333333542        116.99018344004323        4.4347176875271916     
  0.34000000000000208        123.60594005236210        4.5525545096829694     
  0.34666666666666873        114.71953846376576        4.3771890824190960     
  0.35333333333333539        117.99236640804861        4.4312656767560599     
  0.36000000000000204        117.92063909090261        4.4160744414665825     
  0.36666666666666869        117.98380904345134        4.4060331154046803     
  0.37333333333333535        120.09783816797912        4.4354829793398256     
  0.38000000000000200        116.37643890142384        4.3613143519919033     
  0.38666666666666866        116.09966534963898        4.3478676565740866     
  0.39333333333333531        116.05515980758432        4.3370354652097562     
  0.40000000000000197        117.58204637202171        4.3515283963959899     
  0.40666666666666862        115.51509192675961        4.3077842463338758     
  0.41333333333333527        118.27447351733950        4.3443576341689916     
  0.42000000000000193        117.16172731458592        4.3122776577341728     
  0.42666666666666858        113.42915934124099        4.2329727300538078     
  0.43333333333333524        114.91778282680413        4.2500059655366824     
  0.44000000000000189        120.66689254869557        4.3446615633356327     
  0.44666666666666854        121.19305432602623        4.3466193888702200     
  0.45333333333333520        108.46798427337347        4.0998371736185941     
  0.46000000000000185        115.97872080948720        4.2285847017836913     
  0.46666666666666851        126.86812644675247        4.4096872687125295     
  0.47333333333333516        115.05828297995757        4.1894287602389220     
  0.48000000000000181        111.08812958726182        4.1055512347340137     
  0.48666666666666847        120.54287959031032        4.2657217637832403     
  0.49333333333333512        110.89691144319669        4.0816917169361417     
  0.50000000000000178        124.19638121721748        4.3063619683171170     
  0.50666666666666849        111.74603384722876        4.0769834703602816     
  0.51333333333333520        123.26959707718902        4.2664902353921894     
  0.52000000000000191        113.22291955806637        4.0793000467105571     
  0.52666666666666861        119.51335653582336        4.1795401181831631     
  0.53333333333333532        117.56571289643261        4.1369598728678323     
  0.54000000000000203        116.41848858151728        4.1042740082903340     
  0.54666666666666874        118.89271574828527        4.1324825006548540     
  0.55333333333333545        117.21876380449653        4.0917522977880338     
  0.56000000000000216        110.18564501921890        3.9569730700201147     
  0.56666666666666887        113.85074721701061        4.0112484528254244     
  0.57333333333333558        119.74253954788288        4.1001517610461544     
  0.58000000000000229        117.46576221712927        4.0533993090903850     
  0.58666666666666900        110.86748098508588        3.9233364892325486     
  0.59333333333333571        115.33409831420303        3.9894306266608992     
  0.60000000000000242        118.08908393920539        4.0269241381882575     
  0.60666666666666913        112.23924764058603        3.9131333530662875     
  0.61333333333333584        115.38872192840340        3.9557418675261000     
  0.62000000000000255        112.60382428566216        3.8973336334353048     
  0.62666666666666926        122.70781984700075        4.0558419491495901     
  0.63333333333333597        115.70121773658302        3.9271451076154560     
  0.64000000000000268        110.66443388473199        3.8279056505634355     
  0.64666666666666939        119.76793909245062        3.9739958659638144     
  0.65333333333333610        121.51380530841854        3.9857934078874098     
  0.66000000000000281        121.27299280289428        3.9714360785839120     
  0.66666666666666952        118.74076631576993        3.9161164425514094     
  0.67333333333333623        115.08589242800375        3.8443206341320866     
  0.68000000000000294        119.82337260548475        3.9196995451589220     
  0.68666666666666965        120.24239565033935        3.9082285480629659     
  0.69333333333333635        117.48617781886237        3.8474329885918039     
  0.70000000000000306        115.14606755001603        3.7975599763485373     
  0.70666666666666977        116.85999788781434        3.8145766146736522     
  0.71333333333333648        123.59391226466686        3.9123501384321959     
  0.72000000000000319        118.52132785898192        3.8159181483079165     
  0.72666666666666990        116.19765653870434        3.7667666527783981     
  0.73333333333333661        117.07268410318014        3.7712380633958356     
  0.74000000000000332        116.49860371686435        3.7488311246342656     
  0.74666666666667003        122.75882296520810        3.8339984384843775     
  0.75333333333333674        112.84690643213600        3.6659143030583650     
  0.76000000000000345        110.94498015550630        3.6234440930495189     
  0.76666666666667016        119.64656654339753        3.7571394120874166     
  0.77333333333333687        120.53549479161754        3.7571508385188910     
  0.78000000000000358        117.97401745123770        3.6991386612381691     
  0.78666666666667029        120.76276472677905        3.7314967579143534     
  0.79333333333333700        118.82981974472899        3.6913610962363630     
  0.80000000000000371        114.29587662698482        3.6071178580140528     
  0.80666666666667042        114.09533654956347        3.5917852372230148     
  0.81333333333333713        114.12449403926854        3.5819774446676762     
  0.82000000000000384        112.38750030557127        3.5433291776107305     
  0.82666666666667055        118.26784245613639        3.6214300386200859     
  0.83333333333333726        116.19860612003615        3.5767234835621151     
  0.84000000000000397        110.97945687079196        3.4867293675327344     
  0.84666666666667068        123.17209634325752        3.6591124105166255     
  0.85333333333333738        119.83448899957676        3.5969891231990205     
  0.86000000000000409        114.03511471460338        3.5000980385139906     
  0.86666666666667080        116.67725534136257        3.5279599293183401     
  0.87333333333333751        121.67404502880814        3.5891289568989206     
  0.88000000000000422        115.61701009321467        3.4894690732542353     
  0.88666666666667093        117.17292942083564        3.4980740996613493     
  0.89333333333333764        121.82704250085547        3.5548342920858129     
  0.90000000000000435        112.72273099468792        3.4115340398514422     
  0.90666666666667106        117.89356015110607        3.4745667670313818     
  0.91333333333333777        115.09833882349231        3.4238359606832196     
  0.92000000000000448        120.37200502964389        3.4869948512937281     
  0.92666666666667119        111.51632169432750        3.3457903050299684     
  0.93333333333333790        121.50610398423670        3.4831372869136481     
  0.94000000000000461        114.28614107332926        3.3652977489479214     
  0.94666666666667132        121.27944835282561        3.4538011589553319     
  0.95333333333333803        121.85785946952402        3.4519369868364964     
  0.96000000000000474        120.11955880573201        3.4193467948043601     
  0.96666666666667145        116.89002047439502        3.3577949378011800     
  0.97333333333333816        114.11303254139554        3.3070802348551260     
  0.98000000000000487        114.22350710041326        3.2977227641196096     
  0.98666666666667158        122.83313308074385        3.4071480498258420     
  0.99333333333333829        117.21146757829888        3.3176349392146380     
