 -0.99999847691328769        117.21164610179959        3.3176399922680262     
 -0.99333182040053247        122.83332016654163        3.4071532392156674     
 -0.98666516388777725        114.22368107298412        3.2977277868449826     
 -0.97999850737502203        114.11320634570382        3.3070852718327597     
 -0.97333185086226681        116.89019850830316        3.3578000520218216     
 -0.96666519434951159        120.11974175851456        3.4193520027739606     
 -0.95999853783675637        121.95664649455527        3.4533362501772875     
 -0.95333188132400115        121.18111132038051        3.4524147782654095     
 -0.94666522481124593        114.28631514129725        3.3653028745960132     
 -0.93999856829849071        121.50628904885102        3.4831425920418471     
 -0.93333191178573549        111.51649154361398        3.3457954009664861     
 -0.92666525527298027        120.37218836692452        3.4870001622973410     
 -0.91999859876022505        115.09851412850978        3.4238411754902187     
 -0.91333194224746983        117.89373971349450        3.4745720591059164     
 -0.90666528573471461        112.72290268144316        3.4115392359215213     
 -0.89999862922195939        121.82722805428773        3.5548397064149340     
 -0.89333197270920417        117.17310788563931        3.4980794275396438     
 -0.88666531619644895        115.72330367766354        3.4910734827487118     
 -0.87999865968369373        121.56821947592702        3.5875828661707154     
 -0.87333200317093851        116.67743305121047        3.5279653027154141     
 -0.86666534665818329        114.14352652803389        3.5017624307450474     
 -0.85999869014542807        119.72658152294166        3.5953845883947251     
 -0.85333203363267285        123.17228394532653        3.6591179836706051     
 -0.84666537711991763        110.97962590238552        3.4867346781319921     
 -0.83999872060716241        116.19878310085868        3.5767289312304240     
 -0.83333206409440719        118.26802258859010        3.6214355543804584     
 -0.82666540758165197        112.38767148174033        3.5433345744165381     
 -0.81999875106889675        114.23792688719685        3.5837585713263707     
 -0.81333209455614153        113.98234332671807        3.5900218703265545     
 -0.80666543804338631        114.29605070978093        3.6071233519757002     
 -0.79999878153063109        118.83000073312414        3.6913667185079624     
 -0.79333212501787587        120.99525404034510        3.7350861482850144     
 -0.78666546850512065        117.74205531569901        3.6955300712479766     
 -0.77999881199236543        120.53567837790764        3.7571565609941255     
 -0.77333215547961021        119.88444076241464        3.7608721789247377     
 -0.76666549896685499        110.70834200631209        3.6196074913283387     
 -0.75999884245409977        112.84707830802149        3.6659198865722322     
 -0.75333218594134455        122.75900993782496        3.8340042780053483     
 -0.74666552942858933        116.49878115460993        3.7488368344378347     
 -0.73999887291583410        117.19519948288639        3.7732123440434973     
 -0.73333221640307888        116.32156362171045        3.7687885405648953     
 -0.72666555989032366        118.39934296189043        3.8139832571679726     
 -0.71999890337756844        123.47014790094732        3.9104077452717063     
 -0.71333224686481322        116.86017587599542        3.8145824246134561     
 -0.70666559035205800        115.14624292772859        3.7975657603704862     
 -0.69999893383930278        117.48635676077123        3.8474388485747908     
 -0.69333227732654756        120.24257879021337        3.9082345006430024     
 -0.68666562081379234        119.82355510714935        3.9197055152103086     
 -0.67999896430103712        115.08606771406424        3.8443264893746805     
 -0.67333230778828190        118.74094716852878        3.9161224071454113     
 -0.66666565127552668        121.27317751245950        3.9714421274346448     
 -0.65999899476277146        121.51399038476266        3.9857994786056334     
 -0.65333233825001624        119.76812150968505        3.9740019187133315     
 -0.64666568173726102        110.66460243651748        3.8279114808045480     
 -0.63999902522450580        115.70139395983875        3.9271510890070971     
 -0.63333236871175058        122.70800674193531        4.0558481265579784     
 -0.62666571219899536        112.60399579131190        3.8973395694214163     
 -0.61999905568624014        115.52536621220015        3.9580852633838464     
 -0.61333239917348492        112.10293312382156        3.9107740334573933     
 -0.60666574266072970        118.08926379939396        4.0269302715522457     
 -0.59999908614797448        115.33427397830319        3.9894367029189310     
 -0.59333242963521926        110.86764984613016        3.9233424648233242     
 -0.58666577312246404        117.46594112794335        4.0534054827784152     
 -0.57999911660970882        119.74272192643156        4.1001580059423315     
 -0.57333246009695360        113.85092062183499        4.0112545623139475     
 -0.56666580358419838        110.18581284176632        3.9569790968423977     
 -0.55999914707144316        117.21894233911004        4.0917585298910808     
 -0.55333249055868794        118.89289683247662        4.1324887947936260     
 -0.54666583404593272        116.41866589724037        4.1042802594650603     
 -0.53999917753317750        117.71234964884518        4.1395411367379848     
 -0.53333252102042228        119.36729664722321        4.1770039467438052     
 -0.52666586450766706        113.22309200665332        4.0793062598477174     
 -0.51999920799491184        123.26978482776032        4.2664967336366733     
 -0.51333255148215662        111.74620404638729        4.0769896799690901     
 -0.50666589496940140        124.19657037936354        4.3063685272897994     
 -0.49999923845664612        110.89708034906619        4.0816979337160282     
 -0.49333258194389085        120.54306318784812        4.2657282608572720     
 -0.48666592543113557        111.08829878437359        4.1055574878540693     
 -0.47999926891838030        115.05845822396643        4.1894351411119182     
 -0.47333261240562502        126.86831967820440        4.4096939850588432     
 -0.46666595589286974        115.97889745540483        4.2285911422946727     
 -0.45999929938011447        108.46814947977066        4.0998434180356265     
 -0.45333264286735919        121.19323891383804        4.3466260091585376     
 -0.44666598635460392        120.66707633511616        4.3446681806420075     
 -0.43999932984184864        114.91795785681875        4.2500124386741547     
 -0.43333267332909337        113.42933210394949        4.2329791772481462     
 -0.42666601681633809        117.16190576232776        4.3122842257169767     
 -0.41999936030358281        118.27465365989289        4.3443642510124558     
 -0.41333270379082754        115.51526786652916        4.3077908074728146     
 -0.40666604727807226        117.58222545994691        4.3515350241611639     
 -0.39999939076531699        116.05533656992534        4.3370420709009050     
 -0.39333273425256171        116.09984217976590        4.3478742787636273     
 -0.38666607773980644        116.37661615310152        4.3613209946619582     
 -0.37999942122705116        120.09802108767920        4.4354897349753042     
 -0.37333276471429588        117.98398874329686        4.4060398261853937     
 -0.36666610820154061        117.92081869453467        4.4160811675411287     
 -0.35999945168878533        117.99254612092776        4.4312724259682108     
 -0.35333279517603006        114.71971319183655        4.3771957492677789     
 -0.34666613866327478        123.60612831521368        4.5525614436288109     
 -0.33999948215051951        116.99036162650849        4.4347244419970622     
 -0.33333282563776423        119.88069824615938        4.5053722044498228     
 -0.32666616912500895        112.65222172222023        4.3692434719835846     
 -0.31999951261225368        118.99994594583758        4.4979243522669483     
 -0.31333285609949840        121.00306359647647        4.5443506812637127     
 -0.30666619958674313        114.63446842115459        4.4393989900866453     
 -0.29999954307398785        106.23166944869106        4.2853680340802791     
 -0.29333288656123258        116.01259529517095        4.4792888106252162     
 -0.28666623004847730        120.53378376594310        4.5690451209792906     
 -0.27999957353572202        115.64397560360817        4.4886620571523510     
 -0.27333291702296675        116.70740265762640        4.5162793401729360     
 -0.26666626051021147        127.76467591174909        4.7283718241758654     
 -0.25999960399745620        124.09805451606152        4.6672074871042355     
 -0.25333294748470092        122.32632251048362        4.6403497183288156     
 -0.24666629097194567        120.73388504641984        4.6202206639239121     
 -0.23999963445919043        118.39997438214905        4.5817861440585217     
 -0.23333297794643518        113.47876969867693        4.4939902187421925     
 -0.22666632143367993        114.54773902821843        4.5185589041068051     
 -0.21999966492092468        126.85667107498712        4.7608092516246954     
 -0.21333300840816943        114.53669908414513        4.5323188586575212     
 -0.20666635189541419        114.59237383489314        4.5416698081735465     
 -0.19999969538265894        118.73404175334467        4.6261606676494518     
 -0.19333303886990369        115.85355717051604        4.5736485807434537     
 -0.18666638235714844        113.40376679308710        4.5413896731417367     
 -0.17999972584439319        122.36258496194614        4.7138836747285273     
 -0.17333306933163795        111.63935514465868        4.5109095562717707     
 -0.16666641281888270        125.18452491963185        4.7764948423416280     
 -0.15999975630612745        118.44874052940774        4.6506702953248036     
 -0.15333309979337220        119.78665462443318        4.6886729562190386     
 -0.14666644328061695        111.38478283868449        4.5192092573927303     
 -0.13999978676786171        115.91668722058368        4.6197507004931264     
 -0.13333313025510646        119.64898263814938        4.6941531035793274     
 -0.12666647374235121        114.40912779471792        4.5927912806114790     
 -0.11999981722959596        108.77838890027289        4.4844820614789453     
 -0.11333316071684071        114.34909362769623        4.5978352873910131     
 -0.10666650420408547        115.06033422774819        4.6226613269459476     
  -9.9999847691330218E-002   121.19774011996776        4.7402729632113170     
  -9.3333191178574970E-002   113.53104430394001        4.6024545535476120     
  -8.6666534665819722E-002   125.81380609677340        4.8360278137510226     
  -7.9999878153064474E-002   107.31984580553083        4.4703909437064331     
  -7.3333221640309226E-002   118.40938599465289        4.6966654936513592     
  -6.6666565127553978E-002   128.73063172219196        4.8974810232944588     
  -5.9999908614798730E-002   120.84203375257044        4.7483145256640169     
  -5.3333252102043482E-002   121.30119146086297        4.7589761455430422     
  -4.6666595589288234E-002   125.92248729269318        4.8582593938927854     
  -3.9999939076532987E-002   116.56112186081835        4.6716099241046010     
  -3.3333282563777739E-002   116.00245951137627        4.6756769881248497     
  -2.6666626051022487E-002   118.95376046602925        4.7219815904796576     
  -1.9999969538267236E-002   114.74706909433945        4.6326932393944418     
  -1.3333313025511984E-002   122.43142860097839        4.7848506045186427     
  -6.6666565127567329E-003   117.07576026757435        4.6809248760720834     
  -1.4814538484841933E-015   110.81566178543019        4.5568128114605901     
   6.6666565127537700E-003   123.42364555802938        4.8052155101193987     
   1.3333313025509021E-002   124.48775680252334        4.8246410373659465     
   1.9999969538264273E-002   131.51914322306209        4.9639742558253888     
   2.6666626051019524E-002   112.42394598299502        4.5841764332957418     
   3.3333282563774776E-002   122.60918204429801        4.7881158386352967     
   3.9999939076530031E-002   124.31358291812772        4.8178895355717355     
   4.6666595589285279E-002   120.93335798757094        4.7519026031311062     
   5.3333252102040526E-002   117.38038395789229        4.6781005418034889     
   5.9999908614795774E-002   117.96552801968112        4.6901973284951524     
   6.6666565127551022E-002   112.64270293531337        4.5892408657414396     
   7.3333221640306270E-002   111.16465725003360        4.5595376700947972     
   7.9999878153061518E-002   116.67412300468264        4.6573889356499816     
   8.6666534665816766E-002   119.56281111362298        4.7126975920096674     
   9.3333191178572014E-002   120.30267213262756        4.7234568924946094     
   9.9999847691327262E-002   118.29050204210036        4.6808603272488005     
  0.10666650420408251        116.48898842599796        4.6462687972415715     
  0.11333316071683776        109.37715084111878        4.4938519264484471     
  0.11999981722959301        122.00445073432243        4.7427393922149585     
  0.12666647374234827        117.80516595344423        4.6579886457630009     
  0.13333313025510352        116.83491516684434        4.6378729784516706     
  0.13999978676785876        116.17853054022170        4.6154867221510978     
  0.14666644328061401        115.63927588506147        4.6013657016639185     
  0.15333309979336926        120.53466274632540        4.6998860068028891     
  0.15999975630612451        123.99926205650122        4.7627233495093195     
  0.16666641281887976        109.28941548258835        4.4600865175634103     
  0.17333306933163500        112.93741389294840        4.5263906383346093     
  0.17999972584439025        105.88455927350145        4.3801696771619811     
  0.18666638235714550        123.95164136669895        4.7363781824235733     
  0.19333303886990075        121.36024831741712        4.6787593283167874     
  0.19999969538265600        111.21126989477214        4.4752931735675876     
  0.20666635189541124        110.66263893088689        4.4532285890720162     
  0.21333300840816649        122.53298654846212        4.6787529651013271     
  0.21999966492092174        119.89655989781515        4.6257875880720096     
  0.22666632143367699        120.05687872209214        4.6216111648045386     
  0.23333297794643224        115.04575910484924        4.5205482288485861     
  0.23999963445918748        112.36765275176117        4.4570235231709345     
  0.24666629097194273        122.00637376576942        4.6349222384004367     
  0.25333294748469798        115.12853315040455        4.4959887194787358     
  0.25999960399745325        120.71037520009642        4.5957028226218748     
  0.26666626051020853        117.54897695574176        4.5284499672988838     
  0.27333291702296381        115.91546167075190        4.4991856466303393     
  0.27999957353571908        117.60007561655857        4.5236472454060994     
  0.28666623004847436        117.64037575814808        4.5051651337435459     
  0.29333288656122963        112.66256434895989        4.4030628965792182     
  0.29999954307398491        118.99193057476177        4.5171248872722796     
  0.30666619958674018        123.30667018827867        4.5887431266794465     
  0.31333285609949546        119.41456277421999        4.5071211995228699     
  0.31999951261225074        102.45450805316682        4.1672355447011560     
  0.32666616912500601        112.67896829694644        4.3636809906769427     
  0.33333282563776129        117.22907052743477        4.4405628629759271     
  0.33999948215051656        120.33315879296600        4.4968950356292394     
  0.34666613866327184        121.69085190667876        4.5035922584862345     
  0.35333279517602711        116.51394021083568        4.3976453856589943     
  0.35999945168878239        118.71324342332034        4.4301639487533135     
  0.36666610820153767        113.04049576293826        4.3131366741813215     
  0.37333276471429294        120.65029841855332        4.4467415399654460     
  0.37999942122704822        115.83069265869021        4.3470174621117641     
  0.38666607773980349        120.75337206226131        4.4294053548040226     
  0.39333273425255877        128.60027811678427        4.5652424341220419     
  0.39999939076531404        121.22642640297856        4.4169673899360689     
  0.40666604727806932        121.68888531580851        4.4190744679489580     
  0.41333270379082460        124.77744713786929        4.4665034470875344     
  0.41999936030357987        119.99291675562931        4.3632924013208401     
  0.42666601681633515        113.69778640496381        4.2400235605312240     
  0.43333267332909042        107.52287975642884        4.1176873405813774     
  0.43999932984184570        117.58702731696809        4.2900919670817022     
  0.44666598635460097        110.63352520405697        4.1519657905271279     
  0.45333264286735625        119.47423082654379        4.3017200699796412     
  0.45999929938011153        115.91610508904841        4.2263054102354864     
  0.46666595589286680        119.66037958824884        4.2861073153191551     
  0.47333261240562208        114.73575897851931        4.1832698711211300     
  0.47999926891837735        120.60105103580831        4.2785763932836041     
  0.48666592543113263        121.37717512829758        4.2791002923133039     
  0.49333258194388790        114.79501530890005        4.1577014535747434     
  0.49999923845664318        113.38806441001708        4.1230959938522291     
  0.50666589496939840        120.55218631372354        4.2315274003693251     
  0.51333255148215362        113.54884098483136        4.1071346300874811     
  0.51999920799490884        111.84925669232979        4.0537069580896832     
  0.52666586450766406        111.95158489643438        4.0440769799942995     
  0.53333252102041928        117.42572044654061        4.1346113661666166     
  0.53999917753317450        120.97334472594646        4.1819692724855813     
  0.54666583404592972        121.04976663242769        4.1720796039189594     
  0.55333249055868494        111.78998972604623        3.9990431403450524     
  0.55999914707144016        123.52100463244238        4.1974128549999961     
  0.56666580358419538        119.89800944688849        4.1200732210723015     
  0.57333246009695060        110.79308277263891        3.9506720916783840     
  0.57999911660970582        122.93068915319932        4.1437862155066485     
  0.58666577312246104        116.85044108957887        4.0297561197178053     
  0.59333242963521626        119.31540279687722        4.0592480109953817     
  0.59999908614797148        115.80414699923156        3.9888988906187315     
  0.60666574266072670        121.72447703509125        4.0752430810428732     
  0.61333239917348192        120.43219097337014        4.0411137545487907     
  0.61999905568623714        120.57293827589378        4.0321406320678896     
  0.62666571219899236        113.49020060094651        3.8998963651943361     
  0.63333236871174758        116.22252811403844        3.9357197521814702     
  0.63999902522450280        119.42510506204817        3.9758860430444387     
  0.64666568173725802        119.87971381790150        3.9733104306802294     
  0.65333233825001324        114.80440605348629        3.8743042671758610     
  0.65999899476276846        113.06456153873137        3.8354279392076371     
  0.66666565127552369        116.60568864582480        3.8928600162787723     
  0.67333230778827891        111.49210132650525        3.7842830123490403     
  0.67999896430103413        118.97362166006313        3.8982402422052913     
  0.68666562081378935        119.45550089730600        3.8930356587554420     
  0.69333227732654457        124.51323714510025        3.9635320991583711     
  0.69999893383929979        116.19810245911879        3.8217752821312638     
  0.70666559035205501        119.95389502892772        3.8701082380240557     
  0.71333224686481023        115.99023010870299        3.7902495090175692     
  0.71999890337756545        118.30476903860533        3.8129289859130373     
  0.72666555989032067        115.18616789715713        3.7538906299741925     
  0.73333221640307589        118.89147928448193        3.8001391048250897     
  0.73999887291583111        115.76411990745160        3.7369129280775777     
  0.74666552942858633        110.25497046311396        3.6362453700324506     
  0.75333218594134155        114.00571363257968        3.6840253288566891     
  0.75999884245409677        115.08902412766942        3.6919272396503509     
  0.76666549896685199        121.20641941645431        3.7743888575770881     
  0.77333215547960721        113.80138638609417        3.6449659650940283     
  0.77999881199236243        114.07989289628156        3.6388641364850476     
  0.78666546850511765        119.72968003452689        3.7157078659905660     
  0.79333212501787287        113.79907404553320        3.6096095705694626     
  0.79999878153062809        119.13114407864204        3.6863909614630188     
  0.80666543804338331        116.30576677222801        3.6253326056311490     
  0.81333209455613853        115.35536395854413        3.5992351076976665     
  0.81999875106889375        120.40848534916923        3.6662320650404263     
  0.82666540758164897        113.87552291355958        3.5530599200912540     
  0.83333206409440419        112.21972399635834        3.5152267881553554     
  0.83999872060715941        117.21797867696874        3.5808313747312366     
  0.84666537711991463        119.60444419021033        3.6048613568674983     
  0.85333203363266985        119.11433065157745        3.5851659281257566     
  0.85999869014542507        117.20997822050673        3.5457124877677675     
  0.86666534665818029        119.80930226066376        3.5735631190980253     
  0.87333200317093551        113.46939815920273        3.4663151023274015     
  0.87999865968369073        116.77508148061358        3.5051540467158810     
  0.88666531619644595        118.44956041855342        3.5172574090798139     
  0.89333197270920117        118.25338498841448        3.5051895463355991     
  0.89999862922195639        118.95964862459408        3.5013863058536487     
  0.90666528573471161        125.27602813532289        3.5808362995213510     
  0.91333194224746683        117.83953024375948        3.4623658762405385     
  0.91999859876022205        116.71978812464440        3.4354529614598714     
  0.92666525527297727        124.69000537952365        3.5393381123669680     
  0.93333191178573249        118.83021940468814        3.4423293987018009     
  0.93999856829848771        110.54950065759471        3.3107693619563729     
  0.94666522481124293        122.68690268946386        3.4740211730467538     
  0.95333188132399815        117.84139534707371        3.3936200609922227     
  0.95999853783675337        123.48425004673635        3.4630978855017980     
  0.96666519434950859        115.70772912706815        3.3405763907073167     
  0.97333185086226381        118.61735037635228        3.3710930557727496     
  0.97999850737501903        122.05514598248016        3.4108344876654426     
  0.98666516388777425        116.57445342712374        3.3198103512680248     
  0.99333182040052947        121.07739056821022        3.3728920311132415     
