  0.10000000000000001        1.4205102617831871E-002   3.9396796230733340E-003
  0.69933333333333336        4.2034106745487965E-002   6.8182846959408067E-003
   1.2986666666666666        6.0694028247997280E-002   8.0381880618402898E-003
   1.8980000000000001        8.6062451051757249E-002   9.5024453283664712E-003
   2.4973333333333336       0.11421350634972695        1.0987802964272058E-002
   3.0966666666666671       0.13715347046811407        1.2026006570188045E-002
   3.6960000000000006       0.13333837048938840        1.1875705679858760E-002
   4.2953333333333337       0.15567524484681103        1.2792630246552267E-002
   4.8946666666666667       0.21343787904507749        1.4974314287481036E-002
   5.4939999999999998       0.23121325244368415        1.5652850265515265E-002
   6.0933333333333328       0.20664428292894357        1.4754511244485857E-002
   6.6926666666666659       0.27759484172457327        1.7108213350325870E-002
   7.2919999999999989       0.23869692702442855        1.5870700760247842E-002
   7.8913333333333320       0.29995761113040786        1.7883812282736933E-002
   8.4906666666666659       0.31022001196379312        1.8112622621461388E-002
   9.0899999999999999       0.31886068851454241        1.8398356724586964E-002
   9.6893333333333338       0.36892091778507108        1.9819531483472715E-002
   10.288666666666668       0.40508687935554627        2.0764692708839978E-002
   10.888000000000002       0.40927898681382557        2.0897120452181981E-002
   11.487333333333336       0.39459286334641641        2.0526509503120884E-002
   12.086666666666670       0.46368816448850675        2.2264127540069859E-002
   12.686000000000003       0.46560450674007670        2.2356104668411793E-002
   13.285333333333337       0.48348732811219475        2.2822093147755830E-002
   13.884666666666671       0.48099447733001277        2.2755429602271539E-002
   14.484000000000005       0.53020029159079007        2.3952966054491931E-002
   15.083333333333339       0.57281176429497416        2.4902083081235163E-002
   15.682666666666673       0.60584002268413117        2.5687808045373038E-002
   16.282000000000007       0.55283216893928500        2.4551461161524533E-002
   16.881333333333341       0.63102990333584541        2.6239795173859874E-002
   17.480666666666675       0.61744519635431017        2.6016030747354361E-002
   18.080000000000009       0.70882588572123539        2.7895665185344531E-002
   18.679333333333343       0.62584574027051121        2.6276433827538765E-002
   19.278666666666677       0.67651520133841037        2.7357844759330500E-002
   19.878000000000011       0.68333666077842714        2.7565781150234725E-002
   20.477333333333345       0.77249604363785362        2.9325227497214404E-002
   21.076666666666679       0.81105702644209920        3.0119842318964810E-002
   21.676000000000013       0.75408923488081858        2.9093925927465073E-002
   22.275333333333347       0.81903980015789157        3.0416205298579451E-002
   22.874666666666680       0.79378021664426290        2.9960045092719274E-002
   23.474000000000014       0.81798004351230702        3.0482855844423905E-002
   24.073333333333348       0.91116440363488560        3.2223624054898599E-002
   24.672666666666682       0.90120706635068537        3.2114942191931256E-002
   25.272000000000016       0.88556680991725278        3.1906040975056650E-002
   25.871333333333350       0.93036789467847958        3.2799640308533808E-002
   26.470666666666684       0.93930645874070284        3.3011758796724203E-002
   27.070000000000018       0.90182506982577315        3.2449366217818479E-002
   27.669333333333352       0.98752810364112897        3.4015653636169575E-002
   28.268666666666686       0.94368428651069125        3.3331761123733261E-002
   28.868000000000020       0.98537292623640582        3.4145965385924230E-002
   29.467333333333354        1.0515028704247573        3.5403741944198590E-002
   30.066666666666688        1.0275261553741044        3.5039432087562723E-002
   30.666000000000022        1.0769453600255827        3.5954019716982352E-002
   31.265333333333356        1.1000547545440096        3.6440270023752247E-002
   31.864666666666690        1.0401912885341880        3.5533802070029000E-002
   32.464000000000020        1.1684975101774711        3.7759282813976079E-002
   33.063333333333354        1.0435164750799089        3.5794878357976435E-002
   33.662666666666688        1.1186358915946686        3.7241183056774360E-002
   34.262000000000022        1.1858605366460335        3.8401124441579747E-002
   34.861333333333356        1.1358409397843874        3.7667360267162504E-002
   35.460666666666690        1.2364114229343313        3.9398109204659457E-002
   36.060000000000024        1.2171398118479722        3.9268998223608013E-002
   36.659333333333358        1.2233637592586153        3.9428689699337008E-002
   37.258666666666691        1.1990006480133752        3.9159195165307512E-002
   37.858000000000025        1.2793704269957267        4.0580475767340717E-002
   38.457333333333359        1.2582017286477929        4.0361820350781896E-002
   39.056666666666693        1.3199586563553400        4.1490868532513624E-002
   39.656000000000027        1.3027475270660034        4.1342960268791973E-002
   40.255333333333361        1.3121279790140252        4.1619551373033400E-002
   40.854666666666695        1.2562807546105863        4.0876418627047557E-002
   41.454000000000029        1.3666781028899913        4.2768148678370185E-002
   42.053333333333363        1.2945633357745259        4.1767119575606672E-002
   42.652666666666697        1.4294662473747379        4.4042542639741764E-002
   43.252000000000031        1.4031961960546571        4.3760024032563093E-002
   43.851333333333365        1.4369934700646112        4.4466400019018637E-002
   44.450666666666699        1.4694622060469602        4.5145250843356688E-002
   45.050000000000033        1.4631850604084007        4.5233018199559202E-002
   45.649333333333367        1.5285562318174608        4.6325779907034119E-002
   46.248666666666701        1.5160680685687440        4.6291732538019534E-002
   46.848000000000035        1.4876834939249799        4.6012876513574573E-002
   47.447333333333368        1.4772455782962450        4.6091628920834543E-002
   48.046666666666702        1.4664584682897472        4.6027154235625763E-002
   48.646000000000036        1.5308609547177046        4.7166726161395077E-002
   49.245333333333370        1.5762031842822735        4.8060129127388523E-002
   49.844666666666704        1.5830724866193564        4.8315006409464470E-002
   50.444000000000038        1.5801052059314680        4.8452550833937180E-002
   51.043333333333372        1.5802533854221488        4.8641913727708402E-002
   51.642666666666706        1.6623003123131004        5.0055629007070911E-002
   52.242000000000040        1.6596320515329792        5.0205411899567773E-002
   52.841333333333374        1.6864991990310945        5.0807506837567712E-002
   53.440666666666708        1.6328702013505134        5.0189578751104934E-002
   54.040000000000042        1.7078645515957023        5.1498345438389159E-002
   54.639333333333376        1.6548192015559284        5.0936941146556954E-002
   55.238666666666710        1.7223942906440399        5.2151962723173337E-002
   55.838000000000044        1.6705158451994317        5.1518787746756278E-002
   56.437333333333378        1.7452251066064608        5.2843422251959045E-002
   57.036666666666711        1.7330890861235155        5.2843785276442685E-002
   57.636000000000045        1.6840400672660734        5.2262841744877886E-002
   58.235333333333379        1.6803583300943756        5.2403638365915085E-002
   58.834666666666713        1.7461982734346972        5.3621981198948086E-002
   59.434000000000047        1.7419803188574494        5.3851705534506494E-002
   60.033333333333381        1.7932529775653092        5.4729659378535502E-002
   60.632666666666715        1.8056185319708762        5.5107080627669058E-002
   61.232000000000049        1.8020559721116756        5.5258482493987481E-002
   61.831333333333383        1.7989412250115311        5.5479220502110162E-002
   62.430666666666717        1.8467277299141116        5.6335227738164670E-002
   63.030000000000051        1.7710175887324262        5.5393970632941138E-002
   63.629333333333385        1.7441530341796430        5.5155382747295804E-002
   64.228666666666712        1.7584780942180269        5.5580342437921815E-002
   64.828000000000046        1.9650285526372180        5.8902684373679813E-002
   65.427333333333380        1.9500888290989571        5.8937411165863846E-002
   66.026666666666713        1.9685976956951794        5.9360446345911831E-002
   66.626000000000047        1.9930658922179707        5.9933489010641473E-002
   67.225333333333381        1.8794052152302279        5.8382522363274729E-002
   67.824666666666715        1.8891984639494568        5.8715327719001807E-002
   68.424000000000049        1.9278910236354228        5.9513419558839827E-002
   69.023333333333383        1.9689627382365971        6.0319362136386265E-002
   69.622666666666717        1.8990043026034806        5.9543772737133252E-002
   70.222000000000051        1.9022247262494267        5.9674726102917540E-002
   70.821333333333385        1.8046184736435553        5.8284471957810530E-002
   71.420666666666719        2.0092978949304734        6.1671809282946952E-002
   72.020000000000053        1.9428563845841644        6.0828771827008722E-002
   72.619333333333387        1.9629270032096742        6.1275894534726795E-002
   73.218666666666721        1.9404214120571979        6.1116019262572437E-002
   73.818000000000055        1.9207463631899193        6.0955242059997340E-002
   74.417333333333389        2.0293510819554537        6.2796494889175949E-002
   75.016666666666723        2.0275712036158300        6.2923954494856271E-002
   75.616000000000057        1.9083246200311443        6.1216955322788286E-002
   76.215333333333390        2.0093343678615923        6.2972318470502942E-002
   76.814666666666724        2.0704930273264264        6.4069391375853740E-002
   77.414000000000058        1.9579177079131549        6.2388764861130805E-002
   78.013333333333392        1.8766723716136242        6.1258715682051254E-002
   78.612666666666726        2.1601404672692968        6.5864701286629232E-002
   79.212000000000060        1.8534177084030854        6.1092805890180540E-002
   79.811333333333394        1.9207823726989839        6.2265742149846169E-002
   80.410666666666728        2.1368020079021939        6.5898604946088873E-002
   81.010000000000062        2.0043819435299692        6.3836561406436329E-002
   81.609333333333396        1.9745954217962669        6.3441641542148625E-002
   82.208666666666730        2.0742315784364718        6.5135303212148318E-002
   82.808000000000064        1.9972945213697408        6.3971601620647162E-002
   83.407333333333398        2.0175555644887901        6.4387896399255615E-002
   84.006666666666732        2.0817412738099370        6.5468875016185507E-002
   84.606000000000066        2.0575176760451406        6.5163393609205783E-002
   85.205333333333400        1.9585978590889621        6.3626363985252454E-002
   85.804666666666733        1.9946407776644379        6.4286433322199077E-002
   86.404000000000067        2.0206561366189377        6.4686460819149624E-002
   87.003333333333401        2.1817408015509230        6.7252745373507603E-002
   87.602666666666735        2.0457789647160767        6.5155064640843377E-002
   88.202000000000069        2.1887009754687958        6.7467057468568306E-002
   88.801333333333403        2.1981099139027043        6.7563406359769290E-002
   89.400666666666737        1.9968854737020103        6.4426414692711820E-002
   90.000000000000071        2.0335432866818328        6.4998384615703494E-002
   90.599333333333405        2.0919144275163135        6.5920471902044073E-002
   91.198666666666739        2.0377754561205026        6.5133310444999246E-002
   91.798000000000073        2.0565372375515207        6.5397203969043555E-002
   92.397333333333407        2.1432319489389706        6.6675324543816666E-002
   92.996666666666741        2.1325819495947793        6.6473868141442724E-002
   93.596000000000075        2.1601569905361173        6.6844099041064586E-002
   94.195333333333409        1.9669949935935513        6.3763678968822804E-002
   94.794666666666743        2.0376723560388563        6.4863552640814531E-002
   95.394000000000077        2.0192049753876131        6.4473672872246812E-002
   95.993333333333410        2.0246442778920275        6.4481946979139060E-002
   96.592666666666744        1.9443647385608285        6.3130469847743037E-002
   97.192000000000078        2.0248621033983252        6.4357310045694879E-002
   97.791333333333412        1.9655374238823202        6.3348430245187839E-002
   98.390666666666746        2.0766010945760063        6.4952079269153973E-002
   98.990000000000080        2.0759725070996389        6.4836574459460741E-002
   99.589333333333414        1.9724892758465025        6.3144349540646058E-002
   100.18866666666675        1.9994618993490396        6.3453176925039614E-002
   100.78800000000008        2.0399495983559421        6.3931963614910325E-002
   101.38733333333342        1.9176187205596866        6.1933841392299092E-002
   101.98666666666675        2.0556924624823942        6.3952003383431613E-002
   102.58600000000008        1.9880026196044402        6.2740312646289029E-002
   103.18533333333342        2.0412918365837207        6.3472970694668965E-002
   103.78466666666675        1.9890810592934485        6.2492546125869311E-002
   104.38400000000009        2.0699535607417019        6.3563807555629320E-002
   104.98333333333342        2.0998768737409792        6.3877969792512326E-002
   105.58266666666675        1.9477060902263990        6.1437488806274622E-002
   106.18200000000009        1.9818174435774651        6.1744343087460310E-002
   106.78133333333342        1.8618293350213424        5.9756283285107382E-002
   107.38066666666676        1.9112523271513142        6.0408791933633181E-002
   107.98000000000009        1.9908288774300882        6.1367947725817149E-002
   108.57933333333342        1.8593444392604470        5.9156994883176758E-002
   109.17866666666676        1.9709044337743911        6.0724624067331971E-002
   109.77800000000009        2.0034584831532793        6.1087440330996598E-002
   110.37733333333343        1.9109780191284624        5.9507887669549675E-002
   110.97666666666676        1.9043778139622813        5.9158202351326593E-002
   111.57600000000009        1.9129740308549839        5.9081403971084419E-002
   112.17533333333343        1.8774524797050245        5.8350275716912585E-002
   112.77466666666676        1.8884579514540452        5.8408231202897065E-002
   113.37400000000009        1.8564093820902052        5.7668087749008758E-002
   113.97333333333343        1.8570806287952479        5.7493451022170010E-002
   114.57266666666676        1.8752450444092159        5.7557355007045723E-002
   115.17200000000010        1.8148622502497513        5.6432453602666272E-002
   115.77133333333343        1.8248702651419486        5.6387454254469151E-002
   116.37066666666676        1.8680430390857652        5.6905177935706722E-002
   116.97000000000010        1.7041718886782204        5.4137212530366359E-002
   117.56933333333343        1.9083553305399621        5.7074565181360955E-002
   118.16866666666677        1.7886651048384405        5.5057086315569957E-002
   118.76800000000010        1.7719616716143651        5.4595155832769755E-002
   119.36733333333343        1.7051354119742317        5.3386048406085497E-002
   119.96666666666677        1.7723237025359722        5.4218371390037712E-002
   120.56600000000010        1.7824015435091005        5.4169931875007057E-002
   121.16533333333344        1.7526487682841150        5.3515601444070228E-002
   121.76466666666677        1.7375999590527411        5.3105981068064703E-002
   122.36400000000010        1.7332279468995542        5.2872710260388096E-002
   122.96333333333344        1.7294237592910098        5.2584352587147623E-002
   123.56266666666677        1.6618270125163954        5.1349559041797825E-002
   124.16200000000011        1.6501043657307077        5.0987300639904976E-002
   124.76133333333344        1.6624492436531364        5.0977615434937354E-002
   125.36066666666677        1.6505989841132123        5.0614222270459086E-002
   125.96000000000011        1.5446707863937632        4.8798065485360261E-002
   126.55933333333344        1.6726741965340468        5.0576663841853491E-002
   127.15866666666678        1.5510279761588508        4.8537177349281029E-002
   127.75800000000011        1.5941564917953375        4.9023104543855167E-002
   128.35733333333343        1.5772239475270073        4.8595129922461081E-002
   128.95666666666676        1.5811003224233311        4.8483016633601939E-002
   129.55600000000010        1.5521940845268074        4.7846900157186185E-002
   130.15533333333343        1.5530755915114833        4.7736811155349730E-002
   130.75466666666676        1.5981686072594981        4.8190677387773627E-002
   131.35400000000010        1.6025648221626578        4.8103024108805792E-002
   131.95333333333343        1.4789495736244194        4.6032319409711725E-002
   132.55266666666677        1.4732710265203310        4.5788497229130948E-002
   133.15200000000010        1.5458351267977166        4.6849029527252666E-002
   133.75133333333343        1.5056984602788297        4.5953582919077904E-002
   134.35066666666677        1.4241434433675351        4.4544522277656907E-002
   134.95000000000010        1.4483295898298363        4.4774071259290275E-002
   135.54933333333344        1.4801094842837750        4.5130042961099744E-002
   136.14866666666677        1.4330558338036030        4.4216818457879940E-002
   136.74800000000010        1.3826329889553106        4.3288878499295906E-002
   137.34733333333344        1.3318582814466851        4.2374396117022102E-002
   137.94666666666677        1.4443570763257227        4.3937222865151372E-002
   138.54600000000011        1.3238120898823982        4.1968784620638945E-002
   139.14533333333344        1.2952466034452803        4.1357576850551685E-002
   139.74466666666677        1.2431413447915931        4.0427220141792612E-002
   140.34400000000011        1.3762018439402746        4.2421533232282725E-002
   140.94333333333344        1.3152717586457614        4.1261505874005212E-002
   141.54266666666678        1.2683592536280108        4.0416037514608594E-002
   142.14200000000011        1.2562613010748616        4.0092153847653723E-002
   142.74133333333344        1.2714029700678704        4.0205618203960104E-002
   143.34066666666678        1.1368659250149136        3.7954293704252712E-002
   143.94000000000011        1.1640070942851277        3.8242977450449758E-002
   144.53933333333345        1.1598476948778824        3.8106152114523804E-002
   145.13866666666678        1.1189133732541388        3.7292295707587748E-002
   145.73800000000011        1.1440298226749654        3.7586620533993295E-002
   146.33733333333345        1.1244027152944462        3.7144326333582556E-002
   146.93666666666678        1.0466142289349236        3.5774129306229370E-002
   147.53600000000012        1.0806244085340264        3.6239846393413981E-002
   148.13533333333345        1.1306671817697551        3.6947260160884829E-002
   148.73466666666678        1.0801648238628656        3.6061326699138467E-002
   149.33400000000012        1.0053201515495878        3.4732167045539997E-002
   149.93333333333345        1.0200303288617683        3.4844982027315265E-002
   150.53266666666678       0.98939151127101832        3.4223189922605965E-002
   151.13200000000012        1.0277368545969445        3.4782855107527051E-002
   151.73133333333345       0.95532091143703579        3.3491281860799575E-002
   152.33066666666679       0.92119941801871363        3.2764638420864085E-002
   152.93000000000012       0.93344426022864058        3.2908164811979237E-002
   153.52933333333345       0.95098223591982678        3.3134991380418310E-002
   154.12866666666679       0.85351346747891887        3.1350509303235158E-002
   154.72800000000012       0.86684485343347284        3.1500052912695559E-002
   155.32733333333346       0.82083824589498111        3.0589402476231774E-002
   155.92666666666679       0.82064573731693335        3.0539551014303327E-002
   156.52600000000012       0.76366131400598558        2.9419173410893649E-002
   157.12533333333346       0.84112313309262898        3.0770436108076796E-002
   157.72466666666679       0.71087961041899428        2.8241517130236864E-002
   158.32400000000013       0.73718049057739021        2.8700454083504311E-002
   158.92333333333346       0.76250155398279862        2.9179186248180965E-002
   159.52266666666679       0.71624256788594887        2.8209454247405955E-002
   160.12200000000013       0.67736993125255962        2.7369943997996051E-002
   160.72133333333346       0.64387344045561945        2.6681216445753966E-002
   161.32066666666680       0.66588787905066160        2.7039426109280302E-002
   161.92000000000013       0.65635513522497602        2.6808232025091749E-002
   162.51933333333346       0.62826431229954138        2.6193109187066143E-002
   163.11866666666680       0.60910886628084271        2.5756817053085929E-002
   163.71800000000013       0.58762234312394823        2.5283319913665690E-002
   164.31733333333347       0.56476497813643189        2.4788488354157527E-002
   164.91666666666680       0.47510932373504783        2.2655801005628948E-002
   165.51600000000013       0.52063161671586389        2.3691218214368790E-002
   166.11533333333347       0.49604748735762100        2.3081922457495883E-002
   166.71466666666680       0.43372028984432232        2.1560946297332899E-002
   167.31400000000014       0.43809383768395294        2.1644616878777771E-002
   167.91333333333347       0.40785167793686977        2.0906374171472224E-002
   168.51266666666680       0.38728462692433080        2.0312402045495819E-002
   169.11200000000014       0.35140226679210490        1.9390128357186700E-002
   169.71133333333347       0.35914359140673408        1.9521623331667411E-002
   170.31066666666680       0.34247112577666561        1.9043290742856295E-002
   170.91000000000014       0.31405911047659602        1.8274376768499440E-002
   171.50933333333347       0.32123897238757865        1.8473986893710725E-002
   172.10866666666681       0.27794429391601722        1.7129750980705578E-002
   172.70800000000014       0.26600073596026425        1.6748012702948959E-002
   173.30733333333347       0.22966662381009983        1.5548198937011603E-002
   173.90666666666681       0.21663007863460629        1.5087113446079862E-002
   174.50600000000014       0.18832809847358398        1.4071255637921446E-002
   175.10533333333348       0.15646886770972224        1.2814607018599610E-002
   175.70466666666681       0.11968245661046281        1.1306348038886988E-002
   176.30400000000014       0.12160212804693148        1.1287854093811962E-002
   176.90333333333348       0.11908122150250992        1.1249559227248523E-002
   177.50266666666681        8.5035392719437178E-002   9.4468421432706839E-003
   178.10200000000015        5.0346873593458151E-002   7.2662461249534682E-003
   178.70133333333348        3.9786878563948080E-002   6.4537931659080930E-003
   179.30066666666681        1.0526224133491312E-002   3.3286173634790770E-003
