   4.4654768830562498E-002   0.0000000000000000        0.0000000000000000     
   4.4655732934460624E-002   0.0000000000000000        0.0000000000000000     
   4.4656697038358749E-002   0.0000000000000000        0.0000000000000000     
   4.4657661142256874E-002   0.0000000000000000        0.0000000000000000     
   4.4658625246155000E-002   0.0000000000000000        0.0000000000000000     
   4.4659589350053125E-002   0.0000000000000000        0.0000000000000000     
   4.4660553453951250E-002   0.0000000000000000        0.0000000000000000     
   4.4661517557849376E-002   0.0000000000000000        0.0000000000000000     
   4.4662481661747501E-002   0.0000000000000000        0.0000000000000000     
   4.4663445765645626E-002   0.0000000000000000        0.0000000000000000     
   4.4664409869543752E-002   0.0000000000000000        0.0000000000000000     
   4.4665373973441877E-002   0.0000000000000000        0.0000000000000000     
   4.4666338077340002E-002   0.0000000000000000        0.0000000000000000     
   4.4667302181238128E-002   0.0000000000000000        0.0000000000000000     
   4.4668266285136253E-002   0.0000000000000000        0.0000000000000000     
   4.4669230389034378E-002   0.0000000000000000        0.0000000000000000     
   4.4670194492932504E-002   0.0000000000000000        0.0000000000000000     
   4.4671158596830629E-002   0.0000000000000000        0.0000000000000000     
   4.4672122700728754E-002   0.0000000000000000        0.0000000000000000     
   4.4673086804626880E-002   0.0000000000000000        0.0000000000000000     
   4.4674050908525005E-002   0.0000000000000000        0.0000000000000000     
   4.4675015012423130E-002   0.0000000000000000        0.0000000000000000     
   4.4675979116321256E-002   0.0000000000000000        0.0000000000000000     
   4.4676943220219381E-002   0.0000000000000000        0.0000000000000000     
   4.4677907324117506E-002   0.0000000000000000        0.0000000000000000     
   4.4678871428015632E-002   0.0000000000000000        0.0000000000000000     
   4.4679835531913757E-002   0.0000000000000000        0.0000000000000000     
   4.4680799635811883E-002   0.0000000000000000        0.0000000000000000     
   4.4681763739710008E-002   0.0000000000000000        0.0000000000000000     
   4.4682727843608133E-002   0.0000000000000000        0.0000000000000000     
   4.4683691947506259E-002   0.0000000000000000        0.0000000000000000     
   4.4684656051404384E-002   0.0000000000000000        0.0000000000000000     
   4.4685620155302509E-002   0.0000000000000000        0.0000000000000000     
   4.4686584259200635E-002   0.0000000000000000        0.0000000000000000     
   4.4687548363098760E-002   0.0000000000000000        0.0000000000000000     
   4.4688512466996885E-002   0.0000000000000000        0.0000000000000000     
   4.4689476570895011E-002   0.0000000000000000        0.0000000000000000     
   4.4690440674793136E-002   0.0000000000000000        0.0000000000000000     
   4.4691404778691261E-002   0.0000000000000000        0.0000000000000000     
   4.4692368882589387E-002   0.0000000000000000        0.0000000000000000     
   4.4693332986487512E-002   0.0000000000000000        0.0000000000000000     
   4.4694297090385637E-002   0.0000000000000000        0.0000000000000000     
   4.4695261194283763E-002   0.0000000000000000        0.0000000000000000     
   4.4696225298181888E-002   0.0000000000000000        0.0000000000000000     
   4.4697189402080013E-002   0.0000000000000000        0.0000000000000000     
   4.4698153505978139E-002   0.0000000000000000        0.0000000000000000     
   4.4699117609876264E-002   0.0000000000000000        0.0000000000000000     
   4.4700081713774389E-002   0.0000000000000000        0.0000000000000000     
   4.4701045817672515E-002   0.0000000000000000        0.0000000000000000     
   4.4702009921570640E-002   0.0000000000000000        0.0000000000000000     
   4.4702974025468765E-002   0.0000000000000000        0.0000000000000000     
   4.4703938129366891E-002   0.0000000000000000        0.0000000000000000     
   4.4704902233265016E-002   0.0000000000000000        0.0000000000000000     
   4.4705866337163142E-002   0.0000000000000000        0.0000000000000000     
   4.4706830441061267E-002   0.0000000000000000        0.0000000000000000     
   4.4707794544959392E-002   0.0000000000000000        0.0000000000000000     
   4.4708758648857518E-002   0.0000000000000000        0.0000000000000000     
   4.4709722752755643E-002   0.0000000000000000        0.0000000000000000     
   4.4710686856653768E-002   0.0000000000000000        0.0000000000000000     
   4.4711650960551894E-002   0.0000000000000000        0.0000000000000000     
   4.4712615064450019E-002   0.0000000000000000        0.0000000000000000     
   4.4713579168348144E-002   0.0000000000000000        0.0000000000000000     
   4.4714543272246270E-002   0.0000000000000000        0.0000000000000000     
   4.4715507376144395E-002   0.0000000000000000        0.0000000000000000     
   4.4716471480042520E-002   0.0000000000000000        0.0000000000000000     
   4.4717435583940646E-002   0.0000000000000000        0.0000000000000000     
   4.4718399687838771E-002   0.0000000000000000        0.0000000000000000     
   4.4719363791736896E-002   0.0000000000000000        0.0000000000000000     
   4.4720327895635022E-002   0.0000000000000000        0.0000000000000000     
   4.4721291999533147E-002   0.0000000000000000        0.0000000000000000     
   4.4722256103431272E-002   0.0000000000000000        0.0000000000000000     
   4.4723220207329398E-002   0.0000000000000000        0.0000000000000000     
   4.4724184311227523E-002   0.0000000000000000        0.0000000000000000     
   4.4725148415125648E-002   0.0000000000000000        0.0000000000000000     
   4.4726112519023774E-002   0.0000000000000000        0.0000000000000000     
   4.4727076622921899E-002   0.0000000000000000        0.0000000000000000     
   4.4728040726820024E-002   0.0000000000000000        0.0000000000000000     
   4.4729004830718150E-002   0.0000000000000000        0.0000000000000000     
   4.4729968934616275E-002   0.0000000000000000        0.0000000000000000     
   4.4730933038514401E-002   0.0000000000000000        0.0000000000000000     
   4.4731897142412526E-002   0.0000000000000000        0.0000000000000000     
   4.4732861246310651E-002   0.0000000000000000        0.0000000000000000     
   4.4733825350208777E-002   0.0000000000000000        0.0000000000000000     
   4.4734789454106902E-002   0.0000000000000000        0.0000000000000000     
   4.4735753558005027E-002   0.0000000000000000        0.0000000000000000     
   4.4736717661903153E-002   0.0000000000000000        0.0000000000000000     
   4.4737681765801278E-002   0.0000000000000000        0.0000000000000000     
   4.4738645869699403E-002   0.0000000000000000        0.0000000000000000     
   4.4739609973597529E-002   0.0000000000000000        0.0000000000000000     
   4.4740574077495654E-002   0.0000000000000000        0.0000000000000000     
   4.4741538181393779E-002   0.0000000000000000        0.0000000000000000     
   4.4742502285291905E-002   0.0000000000000000        0.0000000000000000     
   4.4743466389190030E-002   0.0000000000000000        0.0000000000000000     
   4.4744430493088155E-002   0.0000000000000000        0.0000000000000000     
   4.4745394596986281E-002   0.0000000000000000        0.0000000000000000     
   4.4746358700884406E-002   0.0000000000000000        0.0000000000000000     
   4.4747322804782531E-002   0.0000000000000000        0.0000000000000000     
   4.4748286908680657E-002   0.0000000000000000        0.0000000000000000     
   4.4749251012578782E-002   0.0000000000000000        0.0000000000000000     
   4.4750215116476907E-002   0.0000000000000000        0.0000000000000000     
   4.4751179220375033E-002   0.0000000000000000        0.0000000000000000     
   4.4752143324273158E-002   0.0000000000000000        0.0000000000000000     
   4.4753107428171283E-002   0.0000000000000000        0.0000000000000000     
   4.4754071532069409E-002   0.0000000000000000        0.0000000000000000     
   4.4755035635967534E-002   0.0000000000000000        0.0000000000000000     
   4.4755999739865659E-002   0.0000000000000000        0.0000000000000000     
   4.4756963843763785E-002   0.0000000000000000        0.0000000000000000     
   4.4757927947661910E-002   0.0000000000000000        0.0000000000000000     
   4.4758892051560036E-002   0.0000000000000000        0.0000000000000000     
   4.4759856155458161E-002   0.0000000000000000        0.0000000000000000     
   4.4760820259356286E-002   0.0000000000000000        0.0000000000000000     
   4.4761784363254412E-002   0.0000000000000000        0.0000000000000000     
   4.4762748467152537E-002   0.0000000000000000        0.0000000000000000     
   4.4763712571050662E-002   0.0000000000000000        0.0000000000000000     
   4.4764676674948788E-002   0.0000000000000000        0.0000000000000000     
   4.4765640778846913E-002   0.0000000000000000        0.0000000000000000     
   4.4766604882745038E-002   0.0000000000000000        0.0000000000000000     
   4.4767568986643164E-002   0.0000000000000000        0.0000000000000000     
   4.4768533090541289E-002   0.0000000000000000        0.0000000000000000     
   4.4769497194439414E-002   0.0000000000000000        0.0000000000000000     
   4.4770461298337540E-002   0.0000000000000000        0.0000000000000000     
   4.4771425402235665E-002   0.0000000000000000        0.0000000000000000     
   4.4772389506133790E-002   0.0000000000000000        0.0000000000000000     
   4.4773353610031916E-002   0.0000000000000000        0.0000000000000000     
   4.4774317713930041E-002   0.0000000000000000        0.0000000000000000     
   4.4775281817828166E-002   0.0000000000000000        0.0000000000000000     
   4.4776245921726292E-002   0.0000000000000000        0.0000000000000000     
   4.4777210025624417E-002   0.0000000000000000        0.0000000000000000     
   4.4778174129522542E-002   0.0000000000000000        0.0000000000000000     
   4.4779138233420668E-002   0.0000000000000000        0.0000000000000000     
   4.4780102337318793E-002   0.0000000000000000        0.0000000000000000     
   4.4781066441216918E-002   0.0000000000000000        0.0000000000000000     
   4.4782030545115044E-002   0.0000000000000000        0.0000000000000000     
   4.4782994649013169E-002   0.0000000000000000        0.0000000000000000     
   4.4783958752911295E-002   0.0000000000000000        0.0000000000000000     
   4.4784922856809420E-002   0.0000000000000000        0.0000000000000000     
   4.4785886960707545E-002   0.0000000000000000        0.0000000000000000     
   4.4786851064605671E-002   0.0000000000000000        0.0000000000000000     
   4.4787815168503796E-002   0.0000000000000000        0.0000000000000000     
   4.4788779272401921E-002   0.0000000000000000        0.0000000000000000     
   4.4789743376300047E-002   0.0000000000000000        0.0000000000000000     
   4.4790707480198172E-002   0.0000000000000000        0.0000000000000000     
   4.4791671584096297E-002   0.0000000000000000        0.0000000000000000     
   4.4792635687994423E-002   0.0000000000000000        0.0000000000000000     
   4.4793599791892548E-002   0.0000000000000000        0.0000000000000000     
   4.4794563895790673E-002   0.0000000000000000        0.0000000000000000     
   4.4795527999688799E-002   0.0000000000000000        0.0000000000000000     
   4.4796492103586924E-002   0.0000000000000000        0.0000000000000000     
   4.4797456207485049E-002   0.0000000000000000        0.0000000000000000     
   4.4798420311383175E-002   0.0000000000000000        0.0000000000000000     
   4.4799384415281300E-002   0.0000000000000000        0.0000000000000000     
   4.4800348519179425E-002   0.0000000000000000        0.0000000000000000     
   4.4801312623077551E-002   0.0000000000000000        0.0000000000000000     
   4.4802276726975676E-002   0.0000000000000000        0.0000000000000000     
   4.4803240830873801E-002   0.0000000000000000        0.0000000000000000     
   4.4804204934771927E-002   0.0000000000000000        0.0000000000000000     
   4.4805169038670052E-002   0.0000000000000000        0.0000000000000000     
   4.4806133142568177E-002   0.0000000000000000        0.0000000000000000     
   4.4807097246466303E-002   0.0000000000000000        0.0000000000000000     
   4.4808061350364428E-002   0.0000000000000000        0.0000000000000000     
   4.4809025454262554E-002   0.0000000000000000        0.0000000000000000     
   4.4809989558160679E-002   0.0000000000000000        0.0000000000000000     
   4.4810953662058804E-002   0.0000000000000000        0.0000000000000000     
   4.4811917765956930E-002   0.0000000000000000        0.0000000000000000     
   4.4812881869855055E-002   0.0000000000000000        0.0000000000000000     
   4.4813845973753180E-002   0.0000000000000000        0.0000000000000000     
   4.4814810077651306E-002   0.0000000000000000        0.0000000000000000     
   4.4815774181549431E-002   0.0000000000000000        0.0000000000000000     
   4.4816738285447556E-002   0.0000000000000000        0.0000000000000000     
   4.4817702389345682E-002   0.0000000000000000        0.0000000000000000     
   4.4818666493243807E-002   0.0000000000000000        0.0000000000000000     
   4.4819630597141932E-002   0.0000000000000000        0.0000000000000000     
   4.4820594701040058E-002   0.0000000000000000        0.0000000000000000     
   4.4821558804938183E-002   0.0000000000000000        0.0000000000000000     
   4.4822522908836308E-002   0.0000000000000000        0.0000000000000000     
   4.4823487012734434E-002   0.0000000000000000        0.0000000000000000     
   4.4824451116632559E-002   0.0000000000000000        0.0000000000000000     
   4.4825415220530684E-002   0.0000000000000000        0.0000000000000000     
   4.4826379324428810E-002   0.0000000000000000        0.0000000000000000     
   4.4827343428326935E-002   0.0000000000000000        0.0000000000000000     
   4.4828307532225060E-002   0.0000000000000000        0.0000000000000000     
   4.4829271636123186E-002   0.0000000000000000        0.0000000000000000     
   4.4830235740021311E-002   0.0000000000000000        0.0000000000000000     
   4.4831199843919436E-002   0.0000000000000000        0.0000000000000000     
   4.4832163947817562E-002   0.0000000000000000        0.0000000000000000     
   4.4833128051715687E-002   0.0000000000000000        0.0000000000000000     
   4.4834092155613813E-002   0.0000000000000000        0.0000000000000000     
   4.4835056259511938E-002   0.0000000000000000        0.0000000000000000     
   4.4836020363410063E-002   0.0000000000000000        0.0000000000000000     
   4.4836984467308189E-002   0.0000000000000000        0.0000000000000000     
   4.4837948571206314E-002   0.0000000000000000        0.0000000000000000     
   4.4838912675104439E-002   0.0000000000000000        0.0000000000000000     
   4.4839876779002565E-002   0.0000000000000000        0.0000000000000000     
   4.4840840882900690E-002   0.0000000000000000        0.0000000000000000     
   4.4841804986798815E-002   0.0000000000000000        0.0000000000000000     
   4.4842769090696941E-002   0.0000000000000000        0.0000000000000000     
   4.4843733194595066E-002   0.0000000000000000        0.0000000000000000     
   4.4844697298493191E-002   0.0000000000000000        0.0000000000000000     
   4.4845661402391317E-002   0.0000000000000000        0.0000000000000000     
   4.4846625506289442E-002   0.0000000000000000        0.0000000000000000     
   4.4847589610187567E-002   0.0000000000000000        0.0000000000000000     
   4.4848553714085693E-002   0.0000000000000000        0.0000000000000000     
   4.4849517817983818E-002   0.0000000000000000        0.0000000000000000     
   4.4850481921881943E-002   0.0000000000000000        0.0000000000000000     
   4.4851446025780069E-002   0.0000000000000000        0.0000000000000000     
   4.4852410129678194E-002   0.0000000000000000        0.0000000000000000     
   4.4853374233576319E-002   0.0000000000000000        0.0000000000000000     
   4.4854338337474445E-002   0.0000000000000000        0.0000000000000000     
   4.4855302441372570E-002   0.0000000000000000        0.0000000000000000     
   4.4856266545270695E-002   0.0000000000000000        0.0000000000000000     
   4.4857230649168821E-002   0.0000000000000000        0.0000000000000000     
   4.4858194753066946E-002   0.0000000000000000        0.0000000000000000     
   4.4859158856965071E-002   0.0000000000000000        0.0000000000000000     
   4.4860122960863197E-002   0.0000000000000000        0.0000000000000000     
   4.4861087064761322E-002   0.0000000000000000        0.0000000000000000     
   4.4862051168659448E-002   0.0000000000000000        0.0000000000000000     
   4.4863015272557573E-002   0.0000000000000000        0.0000000000000000     
   4.4863979376455698E-002   0.0000000000000000        0.0000000000000000     
   4.4864943480353824E-002   0.0000000000000000        0.0000000000000000     
   4.4865907584251949E-002   0.0000000000000000        0.0000000000000000     
   4.4866871688150074E-002   0.0000000000000000        0.0000000000000000     
   4.4867835792048200E-002   0.0000000000000000        0.0000000000000000     
   4.4868799895946325E-002   0.0000000000000000        0.0000000000000000     
   4.4869763999844450E-002   0.0000000000000000        0.0000000000000000     
   4.4870728103742576E-002   0.0000000000000000        0.0000000000000000     
   4.4871692207640701E-002   0.0000000000000000        0.0000000000000000     
   4.4872656311538826E-002   0.0000000000000000        0.0000000000000000     
   4.4873620415436952E-002   0.0000000000000000        0.0000000000000000     
   4.4874584519335077E-002   0.0000000000000000        0.0000000000000000     
   4.4875548623233202E-002   0.0000000000000000        0.0000000000000000     
   4.4876512727131328E-002   0.0000000000000000        0.0000000000000000     
   4.4877476831029453E-002   0.0000000000000000        0.0000000000000000     
   4.4878440934927578E-002   0.0000000000000000        0.0000000000000000     
   4.4879405038825704E-002   0.0000000000000000        0.0000000000000000     
   4.4880369142723829E-002   0.0000000000000000        0.0000000000000000     
   4.4881333246621954E-002   0.0000000000000000        0.0000000000000000     
   4.4882297350520080E-002   0.0000000000000000        0.0000000000000000     
   4.4883261454418205E-002   0.0000000000000000        0.0000000000000000     
   4.4884225558316330E-002   0.0000000000000000        0.0000000000000000     
   4.4885189662214456E-002   0.0000000000000000        0.0000000000000000     
   4.4886153766112581E-002   0.0000000000000000        0.0000000000000000     
   4.4887117870010707E-002   0.0000000000000000        0.0000000000000000     
   4.4888081973908832E-002   0.0000000000000000        0.0000000000000000     
   4.4889046077806957E-002   0.0000000000000000        0.0000000000000000     
   4.4890010181705083E-002   0.0000000000000000        0.0000000000000000     
   4.4890974285603208E-002   0.0000000000000000        0.0000000000000000     
   4.4891938389501333E-002   0.0000000000000000        0.0000000000000000     
   4.4892902493399459E-002   0.0000000000000000        0.0000000000000000     
   4.4893866597297584E-002   0.0000000000000000        0.0000000000000000     
   4.4894830701195709E-002   0.0000000000000000        0.0000000000000000     
   4.4895794805093835E-002   0.0000000000000000        0.0000000000000000     
   4.4896758908991960E-002   0.0000000000000000        0.0000000000000000     
   4.4897723012890085E-002   0.0000000000000000        0.0000000000000000     
   4.4898687116788211E-002   0.0000000000000000        0.0000000000000000     
   4.4899651220686336E-002   0.0000000000000000        0.0000000000000000     
   4.4900615324584461E-002   0.0000000000000000        0.0000000000000000     
   4.4901579428482587E-002   0.0000000000000000        0.0000000000000000     
   4.4902543532380712E-002   0.0000000000000000        0.0000000000000000     
   4.4903507636278837E-002   0.0000000000000000        0.0000000000000000     
   4.4904471740176963E-002   0.0000000000000000        0.0000000000000000     
   4.4905435844075088E-002   0.0000000000000000        0.0000000000000000     
   4.4906399947973213E-002   0.0000000000000000        0.0000000000000000     
   4.4907364051871339E-002   0.0000000000000000        0.0000000000000000     
   4.4908328155769464E-002   0.0000000000000000        0.0000000000000000     
   4.4909292259667589E-002   0.0000000000000000        0.0000000000000000     
   4.4910256363565715E-002   0.0000000000000000        0.0000000000000000     
   4.4911220467463840E-002   0.0000000000000000        0.0000000000000000     
   4.4912184571361966E-002   0.0000000000000000        0.0000000000000000     
   4.4913148675260091E-002   0.0000000000000000        0.0000000000000000     
   4.4914112779158216E-002   0.0000000000000000        0.0000000000000000     
   4.4915076883056342E-002   0.0000000000000000        0.0000000000000000     
   4.4916040986954467E-002   0.0000000000000000        0.0000000000000000     
   4.4917005090852592E-002   0.0000000000000000        0.0000000000000000     
   4.4917969194750718E-002   0.0000000000000000        0.0000000000000000     
   4.4918933298648843E-002   0.0000000000000000        0.0000000000000000     
   4.4919897402546968E-002   0.0000000000000000        0.0000000000000000     
   4.4920861506445094E-002   0.0000000000000000        0.0000000000000000     
   4.4921825610343219E-002   0.0000000000000000        0.0000000000000000     
   4.4922789714241344E-002   0.0000000000000000        0.0000000000000000     
   4.4923753818139470E-002   0.0000000000000000        0.0000000000000000     
   4.4924717922037595E-002   0.0000000000000000        0.0000000000000000     
   4.4925682025935720E-002   0.0000000000000000        0.0000000000000000     
   4.4926646129833846E-002   0.0000000000000000        0.0000000000000000     
   4.4927610233731971E-002   0.0000000000000000        0.0000000000000000     
   4.4928574337630096E-002   0.0000000000000000        0.0000000000000000     
   4.4929538441528222E-002   0.0000000000000000        0.0000000000000000     
   4.4930502545426347E-002   0.0000000000000000        0.0000000000000000     
   4.4931466649324472E-002   0.0000000000000000        0.0000000000000000     
   4.4932430753222598E-002   0.0000000000000000        0.0000000000000000     
   4.4933394857120723E-002   0.0000000000000000        0.0000000000000000     
   4.4934358961018848E-002   0.0000000000000000        0.0000000000000000     
   4.4935323064916974E-002   0.0000000000000000        0.0000000000000000     
   4.4936287168815099E-002   0.0000000000000000        0.0000000000000000     
   4.4937251272713225E-002   0.0000000000000000        0.0000000000000000     
   4.4938215376611350E-002   0.0000000000000000        0.0000000000000000     
   4.4939179480509475E-002   0.0000000000000000        0.0000000000000000     
   4.4940143584407601E-002   0.0000000000000000        0.0000000000000000     
   4.4941107688305726E-002   0.0000000000000000        0.0000000000000000     
   4.4942071792203851E-002   0.0000000000000000        0.0000000000000000     
   4.4943035896101977E-002   243398042.38862604        105444.98260800738     
