   4.4654768830562498E-002   0.0000000000000000        0.0000000000000000     
   4.4668722934460621E-002   0.0000000000000000        0.0000000000000000     
   4.4682677038358744E-002   0.0000000000000000        0.0000000000000000     
   4.4696631142256867E-002   0.0000000000000000        0.0000000000000000     
   4.4710585246154989E-002   0.0000000000000000        0.0000000000000000     
   4.4724539350053112E-002   0.0000000000000000        0.0000000000000000     
   4.4738493453951235E-002   0.0000000000000000        0.0000000000000000     
   4.4752447557849358E-002   0.0000000000000000        0.0000000000000000     
   4.4766401661747481E-002   0.0000000000000000        0.0000000000000000     
   4.4780355765645603E-002   0.0000000000000000        0.0000000000000000     
   4.4794309869543726E-002   0.0000000000000000        0.0000000000000000     
   4.4808263973441849E-002   0.0000000000000000        0.0000000000000000     
   4.4822218077339972E-002   0.0000000000000000        0.0000000000000000     
   4.4836172181238095E-002   0.0000000000000000        0.0000000000000000     
   4.4850126285136217E-002   0.0000000000000000        0.0000000000000000     
   4.4864080389034340E-002   0.0000000000000000        0.0000000000000000     
   4.4878034492932463E-002   0.0000000000000000        0.0000000000000000     
   4.4891988596830586E-002   0.0000000000000000        0.0000000000000000     
   4.4905942700728708E-002   0.0000000000000000        0.0000000000000000     
   4.4919896804626831E-002   0.0000000000000000        0.0000000000000000     
   4.4933850908524954E-002   0.0000000000000000        0.0000000000000000     
   4.4947805012423077E-002   0.0000000000000000        0.0000000000000000     
   4.4961759116321200E-002   0.0000000000000000        0.0000000000000000     
   4.4975713220219322E-002   0.0000000000000000        0.0000000000000000     
   4.4989667324117445E-002   0.0000000000000000        0.0000000000000000     
   4.5003621428015568E-002   0.0000000000000000        0.0000000000000000     
   4.5017575531913691E-002   0.0000000000000000        0.0000000000000000     
   4.5031529635811814E-002   0.0000000000000000        0.0000000000000000     
   4.5045483739709936E-002   0.0000000000000000        0.0000000000000000     
   4.5059437843608059E-002   0.0000000000000000        0.0000000000000000     
   4.5073391947506182E-002   0.0000000000000000        0.0000000000000000     
   4.5087346051404305E-002   0.0000000000000000        0.0000000000000000     
   4.5101300155302428E-002   0.0000000000000000        0.0000000000000000     
   4.5115254259200550E-002   0.0000000000000000        0.0000000000000000     
   4.5129208363098673E-002   0.0000000000000000        0.0000000000000000     
   4.5143162466996796E-002   0.0000000000000000        0.0000000000000000     
   4.5157116570894919E-002   0.0000000000000000        0.0000000000000000     
   4.5171070674793042E-002   0.0000000000000000        0.0000000000000000     
   4.5185024778691164E-002   0.0000000000000000        0.0000000000000000     
   4.5198978882589287E-002   0.0000000000000000        0.0000000000000000     
   4.5212932986487410E-002   0.0000000000000000        0.0000000000000000     
   4.5226887090385533E-002   0.0000000000000000        0.0000000000000000     
   4.5240841194283656E-002   0.0000000000000000        0.0000000000000000     
   4.5254795298181778E-002   0.0000000000000000        0.0000000000000000     
   4.5268749402079901E-002   0.0000000000000000        0.0000000000000000     
   4.5282703505978024E-002   0.0000000000000000        0.0000000000000000     
   4.5296657609876147E-002   0.0000000000000000        0.0000000000000000     
   4.5310611713774269E-002   0.0000000000000000        0.0000000000000000     
   4.5324565817672392E-002   0.0000000000000000        0.0000000000000000     
   4.5338519921570515E-002   0.0000000000000000        0.0000000000000000     
   4.5352474025468638E-002   0.0000000000000000        0.0000000000000000     
   4.5366428129366761E-002   0.0000000000000000        0.0000000000000000     
   4.5380382233264883E-002   0.0000000000000000        0.0000000000000000     
   4.5394336337163006E-002   0.0000000000000000        0.0000000000000000     
   4.5408290441061129E-002   0.0000000000000000        0.0000000000000000     
   4.5422244544959252E-002   0.0000000000000000        0.0000000000000000     
   4.5436198648857375E-002   0.0000000000000000        0.0000000000000000     
   4.5450152752755497E-002   0.0000000000000000        0.0000000000000000     
   4.5464106856653620E-002   0.0000000000000000        0.0000000000000000     
   4.5478060960551743E-002   0.0000000000000000        0.0000000000000000     
   4.5492015064449866E-002   0.0000000000000000        0.0000000000000000     
   4.5505969168347989E-002   0.0000000000000000        0.0000000000000000     
   4.5519923272246111E-002   0.0000000000000000        0.0000000000000000     
   4.5533877376144234E-002   0.0000000000000000        0.0000000000000000     
   4.5547831480042357E-002   0.0000000000000000        0.0000000000000000     
   4.5561785583940480E-002   0.0000000000000000        0.0000000000000000     
   4.5575739687838603E-002   0.0000000000000000        0.0000000000000000     
   4.5589693791736725E-002   0.0000000000000000        0.0000000000000000     
   4.5603647895634848E-002   0.0000000000000000        0.0000000000000000     
   4.5617601999532971E-002   0.0000000000000000        0.0000000000000000     
   4.5631556103431094E-002   0.0000000000000000        0.0000000000000000     
   4.5645510207329217E-002   0.0000000000000000        0.0000000000000000     
   4.5659464311227339E-002   0.0000000000000000        0.0000000000000000     
   4.5673418415125462E-002   0.0000000000000000        0.0000000000000000     
   4.5687372519023585E-002   0.0000000000000000        0.0000000000000000     
   4.5701326622921708E-002   0.0000000000000000        0.0000000000000000     
   4.5715280726819831E-002   0.0000000000000000        0.0000000000000000     
   4.5729234830717953E-002   0.0000000000000000        0.0000000000000000     
   4.5743188934616076E-002   0.0000000000000000        0.0000000000000000     
   4.5757143038514199E-002   0.0000000000000000        0.0000000000000000     
   4.5771097142412322E-002   0.0000000000000000        0.0000000000000000     
   4.5785051246310444E-002   0.0000000000000000        0.0000000000000000     
   4.5799005350208567E-002   0.0000000000000000        0.0000000000000000     
   4.5812959454106690E-002   0.0000000000000000        0.0000000000000000     
   4.5826913558004813E-002   0.0000000000000000        0.0000000000000000     
   4.5840867661902936E-002   0.0000000000000000        0.0000000000000000     
   4.5854821765801058E-002   0.0000000000000000        0.0000000000000000     
   4.5868775869699181E-002   0.0000000000000000        0.0000000000000000     
   4.5882729973597304E-002   0.0000000000000000        0.0000000000000000     
   4.5896684077495427E-002   0.0000000000000000        0.0000000000000000     
   4.5910638181393550E-002   0.0000000000000000        0.0000000000000000     
   4.5924592285291672E-002   0.0000000000000000        0.0000000000000000     
   4.5938546389189795E-002   0.0000000000000000        0.0000000000000000     
   4.5952500493087918E-002   0.0000000000000000        0.0000000000000000     
   4.5966454596986041E-002   0.0000000000000000        0.0000000000000000     
   4.5980408700884164E-002   0.0000000000000000        0.0000000000000000     
   4.5994362804782286E-002   0.0000000000000000        0.0000000000000000     
   4.6008316908680409E-002   0.0000000000000000        0.0000000000000000     
   4.6022271012578532E-002   0.0000000000000000        0.0000000000000000     
   4.6036225116476655E-002   0.0000000000000000        0.0000000000000000     
   4.6050179220374778E-002   0.0000000000000000        0.0000000000000000     
   4.6064133324272900E-002   0.0000000000000000        0.0000000000000000     
   4.6078087428171023E-002   0.0000000000000000        0.0000000000000000     
   4.6092041532069146E-002   0.0000000000000000        0.0000000000000000     
   4.6105995635967269E-002   0.0000000000000000        0.0000000000000000     
   4.6119949739865392E-002   0.0000000000000000        0.0000000000000000     
   4.6133903843763514E-002   0.0000000000000000        0.0000000000000000     
   4.6147857947661637E-002   0.0000000000000000        0.0000000000000000     
   4.6161812051559760E-002   0.0000000000000000        0.0000000000000000     
   4.6175766155457883E-002   0.0000000000000000        0.0000000000000000     
   4.6189720259356006E-002   0.0000000000000000        0.0000000000000000     
   4.6203674363254128E-002   0.0000000000000000        0.0000000000000000     
   4.6217628467152251E-002   0.0000000000000000        0.0000000000000000     
   4.6231582571050374E-002   0.0000000000000000        0.0000000000000000     
   4.6245536674948497E-002   0.0000000000000000        0.0000000000000000     
   4.6259490778846619E-002   0.0000000000000000        0.0000000000000000     
   4.6273444882744742E-002   0.0000000000000000        0.0000000000000000     
   4.6287398986642865E-002   0.0000000000000000        0.0000000000000000     
   4.6301353090540988E-002   0.0000000000000000        0.0000000000000000     
   4.6315307194439111E-002   0.0000000000000000        0.0000000000000000     
   4.6329261298337233E-002   0.0000000000000000        0.0000000000000000     
   4.6343215402235356E-002   0.0000000000000000        0.0000000000000000     
   4.6357169506133479E-002   0.0000000000000000        0.0000000000000000     
   4.6371123610031602E-002   0.0000000000000000        0.0000000000000000     
   4.6385077713929725E-002   0.0000000000000000        0.0000000000000000     
   4.6399031817827847E-002   0.0000000000000000        0.0000000000000000     
   4.6412985921725970E-002   0.0000000000000000        0.0000000000000000     
   4.6426940025624093E-002   0.0000000000000000        0.0000000000000000     
   4.6440894129522216E-002   0.0000000000000000        0.0000000000000000     
   4.6454848233420339E-002   0.0000000000000000        0.0000000000000000     
   4.6468802337318461E-002   0.0000000000000000        0.0000000000000000     
   4.6482756441216584E-002   0.0000000000000000        0.0000000000000000     
   4.6496710545114707E-002   0.0000000000000000        0.0000000000000000     
   4.6510664649012830E-002   0.0000000000000000        0.0000000000000000     
   4.6524618752910953E-002   0.0000000000000000        0.0000000000000000     
   4.6538572856809075E-002   0.0000000000000000        0.0000000000000000     
   4.6552526960707198E-002   0.0000000000000000        0.0000000000000000     
   4.6566481064605321E-002   0.0000000000000000        0.0000000000000000     
   4.6580435168503444E-002   0.0000000000000000        0.0000000000000000     
   4.6594389272401567E-002   0.0000000000000000        0.0000000000000000     
   4.6608343376299689E-002   0.0000000000000000        0.0000000000000000     
   4.6622297480197812E-002   0.0000000000000000        0.0000000000000000     
   4.6636251584095935E-002   0.0000000000000000        0.0000000000000000     
   4.6650205687994058E-002   0.0000000000000000        0.0000000000000000     
   4.6664159791892180E-002   0.0000000000000000        0.0000000000000000     
   4.6678113895790303E-002   0.0000000000000000        0.0000000000000000     
   4.6692067999688426E-002   0.0000000000000000        0.0000000000000000     
   4.6706022103586549E-002   0.0000000000000000        0.0000000000000000     
   4.6719976207484672E-002   0.0000000000000000        0.0000000000000000     
   4.6733930311382794E-002   0.0000000000000000        0.0000000000000000     
   4.6747884415280917E-002   0.0000000000000000        0.0000000000000000     
   4.6761838519179040E-002   0.0000000000000000        0.0000000000000000     
   4.6775792623077163E-002   0.0000000000000000        0.0000000000000000     
   4.6789746726975286E-002   0.0000000000000000        0.0000000000000000     
   4.6803700830873408E-002   0.0000000000000000        0.0000000000000000     
   4.6817654934771531E-002   0.0000000000000000        0.0000000000000000     
   4.6831609038669654E-002   0.0000000000000000        0.0000000000000000     
   4.6845563142567777E-002   0.0000000000000000        0.0000000000000000     
   4.6859517246465900E-002   0.0000000000000000        0.0000000000000000     
   4.6873471350364022E-002   0.0000000000000000        0.0000000000000000     
   4.6887425454262145E-002   0.0000000000000000        0.0000000000000000     
   4.6901379558160268E-002   0.0000000000000000        0.0000000000000000     
   4.6915333662058391E-002   0.0000000000000000        0.0000000000000000     
   4.6929287765956514E-002   0.0000000000000000        0.0000000000000000     
   4.6943241869854636E-002   0.0000000000000000        0.0000000000000000     
   4.6957195973752759E-002   0.0000000000000000        0.0000000000000000     
   4.6971150077650882E-002   0.0000000000000000        0.0000000000000000     
   4.6985104181549005E-002   0.0000000000000000        0.0000000000000000     
   4.6999058285447128E-002   0.0000000000000000        0.0000000000000000     
   4.7013012389345250E-002   0.0000000000000000        0.0000000000000000     
   4.7026966493243373E-002   0.0000000000000000        0.0000000000000000     
   4.7040920597141496E-002   0.0000000000000000        0.0000000000000000     
   4.7054874701039619E-002   0.0000000000000000        0.0000000000000000     
   4.7068828804937742E-002   0.0000000000000000        0.0000000000000000     
   4.7082782908835864E-002   0.0000000000000000        0.0000000000000000     
   4.7096737012733987E-002   0.0000000000000000        0.0000000000000000     
   4.7110691116632110E-002   0.0000000000000000        0.0000000000000000     
   4.7124645220530233E-002   0.0000000000000000        0.0000000000000000     
   4.7138599324428355E-002   0.0000000000000000        0.0000000000000000     
   4.7152553428326478E-002   0.0000000000000000        0.0000000000000000     
   4.7166507532224601E-002   0.0000000000000000        0.0000000000000000     
   4.7180461636122724E-002   0.0000000000000000        0.0000000000000000     
   4.7194415740020847E-002   0.0000000000000000        0.0000000000000000     
   4.7208369843918969E-002   0.0000000000000000        0.0000000000000000     
   4.7222323947817092E-002   0.0000000000000000        0.0000000000000000     
   4.7236278051715215E-002   0.0000000000000000        0.0000000000000000     
   4.7250232155613338E-002   0.0000000000000000        0.0000000000000000     
   4.7264186259511461E-002   0.0000000000000000        0.0000000000000000     
   4.7278140363409583E-002   0.0000000000000000        0.0000000000000000     
   4.7292094467307706E-002   0.0000000000000000        0.0000000000000000     
   4.7306048571205829E-002   0.0000000000000000        0.0000000000000000     
   4.7320002675103952E-002   0.0000000000000000        0.0000000000000000     
   4.7333956779002075E-002   0.0000000000000000        0.0000000000000000     
   4.7347910882900197E-002   0.0000000000000000        0.0000000000000000     
   4.7361864986798320E-002   0.0000000000000000        0.0000000000000000     
   4.7375819090696443E-002   0.0000000000000000        0.0000000000000000     
   4.7389773194594566E-002   0.0000000000000000        0.0000000000000000     
   4.7403727298492689E-002   0.0000000000000000        0.0000000000000000     
   4.7417681402390811E-002   0.0000000000000000        0.0000000000000000     
   4.7431635506288934E-002   0.0000000000000000        0.0000000000000000     
   4.7445589610187057E-002   0.0000000000000000        0.0000000000000000     
   4.7459543714085180E-002   0.0000000000000000        0.0000000000000000     
   4.7473497817983303E-002   0.0000000000000000        0.0000000000000000     
   4.7487451921881425E-002   0.0000000000000000        0.0000000000000000     
   4.7501406025779548E-002   0.0000000000000000        0.0000000000000000     
   4.7515360129677671E-002   0.0000000000000000        0.0000000000000000     
   4.7529314233575794E-002   0.0000000000000000        0.0000000000000000     
   4.7543268337473917E-002   0.0000000000000000        0.0000000000000000     
   4.7557222441372039E-002   0.0000000000000000        0.0000000000000000     
   4.7571176545270162E-002   0.0000000000000000        0.0000000000000000     
   4.7585130649168285E-002   0.0000000000000000        0.0000000000000000     
   4.7599084753066408E-002   0.0000000000000000        0.0000000000000000     
   4.7613038856964530E-002   0.0000000000000000        0.0000000000000000     
   4.7626992960862653E-002   0.0000000000000000        0.0000000000000000     
   4.7640947064760776E-002   0.0000000000000000        0.0000000000000000     
   4.7654901168658899E-002   0.0000000000000000        0.0000000000000000     
   4.7668855272557022E-002   0.0000000000000000        0.0000000000000000     
   4.7682809376455144E-002   0.0000000000000000        0.0000000000000000     
   4.7696763480353267E-002   0.0000000000000000        0.0000000000000000     
   4.7710717584251390E-002   0.0000000000000000        0.0000000000000000     
   4.7724671688149513E-002   0.0000000000000000        0.0000000000000000     
   4.7738625792047636E-002   0.0000000000000000        0.0000000000000000     
   4.7752579895945758E-002   0.0000000000000000        0.0000000000000000     
   4.7766533999843881E-002   0.0000000000000000        0.0000000000000000     
   4.7780488103742004E-002   0.0000000000000000        0.0000000000000000     
   4.7794442207640127E-002   0.0000000000000000        0.0000000000000000     
   4.7808396311538250E-002   0.0000000000000000        0.0000000000000000     
   4.7822350415436372E-002   0.0000000000000000        0.0000000000000000     
   4.7836304519334495E-002   0.0000000000000000        0.0000000000000000     
   4.7850258623232618E-002   0.0000000000000000        0.0000000000000000     
   4.7864212727130741E-002   0.0000000000000000        0.0000000000000000     
   4.7878166831028864E-002   0.0000000000000000        0.0000000000000000     
   4.7892120934926986E-002   0.0000000000000000        0.0000000000000000     
   4.7906075038825109E-002   0.0000000000000000        0.0000000000000000     
   4.7920029142723232E-002   0.0000000000000000        0.0000000000000000     
   4.7933983246621355E-002   0.0000000000000000        0.0000000000000000     
   4.7947937350519478E-002   0.0000000000000000        0.0000000000000000     
   4.7961891454417600E-002   0.0000000000000000        0.0000000000000000     
   4.7975845558315723E-002   0.0000000000000000        0.0000000000000000     
   4.7989799662213846E-002   0.0000000000000000        0.0000000000000000     
   4.8003753766111969E-002   0.0000000000000000        0.0000000000000000     
   4.8017707870010091E-002   0.0000000000000000        0.0000000000000000     
   4.8031661973908214E-002   0.0000000000000000        0.0000000000000000     
   4.8045616077806337E-002   0.0000000000000000        0.0000000000000000     
   4.8059570181704460E-002   0.0000000000000000        0.0000000000000000     
   4.8073524285602583E-002   0.0000000000000000        0.0000000000000000     
   4.8087478389500705E-002   0.0000000000000000        0.0000000000000000     
   4.8101432493398828E-002   0.0000000000000000        0.0000000000000000     
   4.8115386597296951E-002   0.0000000000000000        0.0000000000000000     
   4.8129340701195074E-002   0.0000000000000000        0.0000000000000000     
   4.8143294805093197E-002   0.0000000000000000        0.0000000000000000     
   4.8157248908991319E-002   0.0000000000000000        0.0000000000000000     
   4.8171203012889442E-002   0.0000000000000000        0.0000000000000000     
   4.8185157116787565E-002   0.0000000000000000        0.0000000000000000     
   4.8199111220685688E-002   0.0000000000000000        0.0000000000000000     
   4.8213065324583811E-002   0.0000000000000000        0.0000000000000000     
   4.8227019428481933E-002   0.0000000000000000        0.0000000000000000     
   4.8240973532380056E-002   0.0000000000000000        0.0000000000000000     
   4.8254927636278179E-002   0.0000000000000000        0.0000000000000000     
   4.8268881740176302E-002   0.0000000000000000        0.0000000000000000     
   4.8282835844074425E-002   0.0000000000000000        0.0000000000000000     
   4.8296789947972547E-002   0.0000000000000000        0.0000000000000000     
   4.8310744051870670E-002   0.0000000000000000        0.0000000000000000     
   4.8324698155768793E-002   0.0000000000000000        0.0000000000000000     
   4.8338652259666916E-002   0.0000000000000000        0.0000000000000000     
   4.8352606363565039E-002   0.0000000000000000        0.0000000000000000     
   4.8366560467463161E-002   0.0000000000000000        0.0000000000000000     
   4.8380514571361284E-002   0.0000000000000000        0.0000000000000000     
   4.8394468675259407E-002   0.0000000000000000        0.0000000000000000     
   4.8408422779157530E-002   0.0000000000000000        0.0000000000000000     
   4.8422376883055653E-002   0.0000000000000000        0.0000000000000000     
   4.8436330986953775E-002   0.0000000000000000        0.0000000000000000     
   4.8450285090851898E-002   0.0000000000000000        0.0000000000000000     
   4.8464239194750021E-002   0.0000000000000000        0.0000000000000000     
   4.8478193298648144E-002   0.0000000000000000        0.0000000000000000     
   4.8492147402546266E-002   0.0000000000000000        0.0000000000000000     
   4.8506101506444389E-002   0.0000000000000000        0.0000000000000000     
   4.8520055610342512E-002   0.0000000000000000        0.0000000000000000     
   4.8534009714240635E-002   0.0000000000000000        0.0000000000000000     
   4.8547963818138758E-002   0.0000000000000000        0.0000000000000000     
   4.8561917922036880E-002   0.0000000000000000        0.0000000000000000     
   4.8575872025935003E-002   0.0000000000000000        0.0000000000000000     
   4.8589826129833126E-002   0.0000000000000000        0.0000000000000000     
   4.8603780233731249E-002   0.0000000000000000        0.0000000000000000     
   4.8617734337629372E-002   0.0000000000000000        0.0000000000000000     
   4.8631688441527494E-002   0.0000000000000000        0.0000000000000000     
   4.8645642545425617E-002   0.0000000000000000        0.0000000000000000     
   4.8659596649323740E-002   0.0000000000000000        0.0000000000000000     
   4.8673550753221863E-002   0.0000000000000000        0.0000000000000000     
   4.8687504857119986E-002   0.0000000000000000        0.0000000000000000     
   4.8701458961018108E-002   0.0000000000000000        0.0000000000000000     
   4.8715413064916231E-002   0.0000000000000000        0.0000000000000000     
   4.8729367168814354E-002   0.0000000000000000        0.0000000000000000     
   4.8743321272712477E-002   0.0000000000000000        0.0000000000000000     
   4.8757275376610600E-002   0.0000000000000000        0.0000000000000000     
   4.8771229480508722E-002   0.0000000000000000        0.0000000000000000     
   4.8785183584406845E-002   0.0000000000000000        0.0000000000000000     
   4.8799137688304968E-002   0.0000000000000000        0.0000000000000000     
   4.8813091792203091E-002   0.0000000000000000        0.0000000000000000     
   4.8827045896101214E-002   55008571.006604858        22526.099059738612     
