  -1.0000000000000000        0.0000000000000000        0.0000000000000000     
 -0.99999999492304426        0.0000000000000000        0.0000000000000000     
 -0.99999998984608851        0.0000000000000000        0.0000000000000000     
 -0.99999998476913277        0.0000000000000000        0.0000000000000000     
 -0.99999997969217702        0.0000000000000000        0.0000000000000000     
 -0.99999997461522128        0.0000000000000000        0.0000000000000000     
 -0.99999996953826553        0.0000000000000000        0.0000000000000000     
 -0.99999996446130979        0.0000000000000000        0.0000000000000000     
 -0.99999995938435404        0.0000000000000000        0.0000000000000000     
 -0.99999995430739830        0.0000000000000000        0.0000000000000000     
 -0.99999994923044255        0.0000000000000000        0.0000000000000000     
 -0.99999994415348681        0.0000000000000000        0.0000000000000000     
 -0.99999993907653106        0.0000000000000000        0.0000000000000000     
 -0.99999993399957532        0.0000000000000000        0.0000000000000000     
 -0.99999992892261957        0.0000000000000000        0.0000000000000000     
 -0.99999992384566383        0.0000000000000000        0.0000000000000000     
 -0.99999991876870808        0.0000000000000000        0.0000000000000000     
 -0.99999991369175234        0.0000000000000000        0.0000000000000000     
 -0.99999990861479660        0.0000000000000000        0.0000000000000000     
 -0.99999990353784085        0.0000000000000000        0.0000000000000000     
 -0.99999989846088511        0.0000000000000000        0.0000000000000000     
 -0.99999989338392936        0.0000000000000000        0.0000000000000000     
 -0.99999988830697362        0.0000000000000000        0.0000000000000000     
 -0.99999988323001787        0.0000000000000000        0.0000000000000000     
 -0.99999987815306213        0.0000000000000000        0.0000000000000000     
 -0.99999987307610638        0.0000000000000000        0.0000000000000000     
 -0.99999986799915064        0.0000000000000000        0.0000000000000000     
 -0.99999986292219489        0.0000000000000000        0.0000000000000000     
 -0.99999985784523915        0.0000000000000000        0.0000000000000000     
 -0.99999985276828340        0.0000000000000000        0.0000000000000000     
 -0.99999984769132766        0.0000000000000000        0.0000000000000000     
 -0.99999984261437191        0.0000000000000000        0.0000000000000000     
 -0.99999983753741617        0.0000000000000000        0.0000000000000000     
 -0.99999983246046042        0.0000000000000000        0.0000000000000000     
 -0.99999982738350468        0.0000000000000000        0.0000000000000000     
 -0.99999982230654894        0.0000000000000000        0.0000000000000000     
 -0.99999981722959319        0.0000000000000000        0.0000000000000000     
 -0.99999981215263745        0.0000000000000000        0.0000000000000000     
 -0.99999980707568170        0.0000000000000000        0.0000000000000000     
 -0.99999980199872596        0.0000000000000000        0.0000000000000000     
 -0.99999979692177021        0.0000000000000000        0.0000000000000000     
 -0.99999979184481447        0.0000000000000000        0.0000000000000000     
 -0.99999978676785872        0.0000000000000000        0.0000000000000000     
 -0.99999978169090298        0.0000000000000000        0.0000000000000000     
 -0.99999977661394723        0.0000000000000000        0.0000000000000000     
 -0.99999977153699149        0.0000000000000000        0.0000000000000000     
 -0.99999976646003574        0.0000000000000000        0.0000000000000000     
 -0.99999976138308000        0.0000000000000000        0.0000000000000000     
 -0.99999975630612425        0.0000000000000000        0.0000000000000000     
 -0.99999975122916851        0.0000000000000000        0.0000000000000000     
 -0.99999974615221277        0.0000000000000000        0.0000000000000000     
 -0.99999974107525702        0.0000000000000000        0.0000000000000000     
 -0.99999973599830128        0.0000000000000000        0.0000000000000000     
 -0.99999973092134553        0.0000000000000000        0.0000000000000000     
 -0.99999972584438979        0.0000000000000000        0.0000000000000000     
 -0.99999972076743404        0.0000000000000000        0.0000000000000000     
 -0.99999971569047830        0.0000000000000000        0.0000000000000000     
 -0.99999971061352255        0.0000000000000000        0.0000000000000000     
 -0.99999970553656681        0.0000000000000000        0.0000000000000000     
 -0.99999970045961106        0.0000000000000000        0.0000000000000000     
 -0.99999969538265532        0.0000000000000000        0.0000000000000000     
 -0.99999969030569957        0.0000000000000000        0.0000000000000000     
 -0.99999968522874383        0.0000000000000000        0.0000000000000000     
 -0.99999968015178808        0.0000000000000000        0.0000000000000000     
 -0.99999967507483234        0.0000000000000000        0.0000000000000000     
 -0.99999966999787659        0.0000000000000000        0.0000000000000000     
 -0.99999966492092085        0.0000000000000000        0.0000000000000000     
 -0.99999965984396511        0.0000000000000000        0.0000000000000000     
 -0.99999965476700936        0.0000000000000000        0.0000000000000000     
 -0.99999964969005362        0.0000000000000000        0.0000000000000000     
 -0.99999964461309787        0.0000000000000000        0.0000000000000000     
 -0.99999963953614213        0.0000000000000000        0.0000000000000000     
 -0.99999963445918638        0.0000000000000000        0.0000000000000000     
 -0.99999962938223064        0.0000000000000000        0.0000000000000000     
 -0.99999962430527489        0.0000000000000000        0.0000000000000000     
 -0.99999961922831915        0.0000000000000000        0.0000000000000000     
 -0.99999961415136340        0.0000000000000000        0.0000000000000000     
 -0.99999960907440766        0.0000000000000000        0.0000000000000000     
 -0.99999960399745191        0.0000000000000000        0.0000000000000000     
 -0.99999959892049617        0.0000000000000000        0.0000000000000000     
 -0.99999959384354042        0.0000000000000000        0.0000000000000000     
 -0.99999958876658468        0.0000000000000000        0.0000000000000000     
 -0.99999958368962893        0.0000000000000000        0.0000000000000000     
 -0.99999957861267319        0.0000000000000000        0.0000000000000000     
 -0.99999957353571745        0.0000000000000000        0.0000000000000000     
 -0.99999956845876170        0.0000000000000000        0.0000000000000000     
 -0.99999956338180596        0.0000000000000000        0.0000000000000000     
 -0.99999955830485021        0.0000000000000000        0.0000000000000000     
 -0.99999955322789447        0.0000000000000000        0.0000000000000000     
 -0.99999954815093872        0.0000000000000000        0.0000000000000000     
 -0.99999954307398298        0.0000000000000000        0.0000000000000000     
 -0.99999953799702723        0.0000000000000000        0.0000000000000000     
 -0.99999953292007149        0.0000000000000000        0.0000000000000000     
 -0.99999952784311574        0.0000000000000000        0.0000000000000000     
 -0.99999952276616000        0.0000000000000000        0.0000000000000000     
 -0.99999951768920425        0.0000000000000000        0.0000000000000000     
 -0.99999951261224851        0.0000000000000000        0.0000000000000000     
 -0.99999950753529276        0.0000000000000000        0.0000000000000000     
 -0.99999950245833702        0.0000000000000000        0.0000000000000000     
 -0.99999949738138127        0.0000000000000000        0.0000000000000000     
 -0.99999949230442553        0.0000000000000000        0.0000000000000000     
 -0.99999948722746979        0.0000000000000000        0.0000000000000000     
 -0.99999948215051404        0.0000000000000000        0.0000000000000000     
 -0.99999947707355830        0.0000000000000000        0.0000000000000000     
 -0.99999947199660255        0.0000000000000000        0.0000000000000000     
 -0.99999946691964681        0.0000000000000000        0.0000000000000000     
 -0.99999946184269106        0.0000000000000000        0.0000000000000000     
 -0.99999945676573532        0.0000000000000000        0.0000000000000000     
 -0.99999945168877957        0.0000000000000000        0.0000000000000000     
 -0.99999944661182383        0.0000000000000000        0.0000000000000000     
 -0.99999944153486808        0.0000000000000000        0.0000000000000000     
 -0.99999943645791234        0.0000000000000000        0.0000000000000000     
 -0.99999943138095659        0.0000000000000000        0.0000000000000000     
 -0.99999942630400085        0.0000000000000000        0.0000000000000000     
 -0.99999942122704510        0.0000000000000000        0.0000000000000000     
 -0.99999941615008936        0.0000000000000000        0.0000000000000000     
 -0.99999941107313361        0.0000000000000000        0.0000000000000000     
 -0.99999940599617787        0.0000000000000000        0.0000000000000000     
 -0.99999940091922213        0.0000000000000000        0.0000000000000000     
 -0.99999939584226638        0.0000000000000000        0.0000000000000000     
 -0.99999939076531064        0.0000000000000000        0.0000000000000000     
 -0.99999938568835489        0.0000000000000000        0.0000000000000000     
 -0.99999938061139915        0.0000000000000000        0.0000000000000000     
 -0.99999937553444340        0.0000000000000000        0.0000000000000000     
 -0.99999937045748766        0.0000000000000000        0.0000000000000000     
 -0.99999936538053191        0.0000000000000000        0.0000000000000000     
 -0.99999936030357617        0.0000000000000000        0.0000000000000000     
 -0.99999935522662042        0.0000000000000000        0.0000000000000000     
 -0.99999935014966468        0.0000000000000000        0.0000000000000000     
 -0.99999934507270893        0.0000000000000000        0.0000000000000000     
 -0.99999933999575319        0.0000000000000000        0.0000000000000000     
 -0.99999933491879744        0.0000000000000000        0.0000000000000000     
 -0.99999932984184170        0.0000000000000000        0.0000000000000000     
 -0.99999932476488596        0.0000000000000000        0.0000000000000000     
 -0.99999931968793021        0.0000000000000000        0.0000000000000000     
 -0.99999931461097447        0.0000000000000000        0.0000000000000000     
 -0.99999930953401872        0.0000000000000000        0.0000000000000000     
 -0.99999930445706298        0.0000000000000000        0.0000000000000000     
 -0.99999929938010723        0.0000000000000000        0.0000000000000000     
 -0.99999929430315149        0.0000000000000000        0.0000000000000000     
 -0.99999928922619574        0.0000000000000000        0.0000000000000000     
 -0.99999928414924000        0.0000000000000000        0.0000000000000000     
 -0.99999927907228425        0.0000000000000000        0.0000000000000000     
 -0.99999927399532851        0.0000000000000000        0.0000000000000000     
 -0.99999926891837276        0.0000000000000000        0.0000000000000000     
 -0.99999926384141702        0.0000000000000000        0.0000000000000000     
 -0.99999925876446127        0.0000000000000000        0.0000000000000000     
 -0.99999925368750553        0.0000000000000000        0.0000000000000000     
 -0.99999924861054978        0.0000000000000000        0.0000000000000000     
 -0.99999924353359404        0.0000000000000000        0.0000000000000000     
 -0.99999923845663830        0.0000000000000000        0.0000000000000000     
 -0.99999923337968255        0.0000000000000000        0.0000000000000000     
 -0.99999922830272681        0.0000000000000000        0.0000000000000000     
 -0.99999922322577106        0.0000000000000000        0.0000000000000000     
 -0.99999921814881532        0.0000000000000000        0.0000000000000000     
 -0.99999921307185957        0.0000000000000000        0.0000000000000000     
 -0.99999920799490383        0.0000000000000000        0.0000000000000000     
 -0.99999920291794808        0.0000000000000000        0.0000000000000000     
 -0.99999919784099234        0.0000000000000000        0.0000000000000000     
 -0.99999919276403659        0.0000000000000000        0.0000000000000000     
 -0.99999918768708085        0.0000000000000000        0.0000000000000000     
 -0.99999918261012510        0.0000000000000000        0.0000000000000000     
 -0.99999917753316936        0.0000000000000000        0.0000000000000000     
 -0.99999917245621361        0.0000000000000000        0.0000000000000000     
 -0.99999916737925787        0.0000000000000000        0.0000000000000000     
 -0.99999916230230212        0.0000000000000000        0.0000000000000000     
 -0.99999915722534638        0.0000000000000000        0.0000000000000000     
 -0.99999915214839064        0.0000000000000000        0.0000000000000000     
 -0.99999914707143489        0.0000000000000000        0.0000000000000000     
 -0.99999914199447915        0.0000000000000000        0.0000000000000000     
 -0.99999913691752340        0.0000000000000000        0.0000000000000000     
 -0.99999913184056766        0.0000000000000000        0.0000000000000000     
 -0.99999912676361191        0.0000000000000000        0.0000000000000000     
 -0.99999912168665617        0.0000000000000000        0.0000000000000000     
 -0.99999911660970042        0.0000000000000000        0.0000000000000000     
 -0.99999911153274468        0.0000000000000000        0.0000000000000000     
 -0.99999910645578893        0.0000000000000000        0.0000000000000000     
 -0.99999910137883319        0.0000000000000000        0.0000000000000000     
 -0.99999909630187744        0.0000000000000000        0.0000000000000000     
 -0.99999909122492170        0.0000000000000000        0.0000000000000000     
 -0.99999908614796595        0.0000000000000000        0.0000000000000000     
 -0.99999908107101021        0.0000000000000000        0.0000000000000000     
 -0.99999907599405446        0.0000000000000000        0.0000000000000000     
 -0.99999907091709872        0.0000000000000000        0.0000000000000000     
 -0.99999906584014298        0.0000000000000000        0.0000000000000000     
 -0.99999906076318723        0.0000000000000000        0.0000000000000000     
 -0.99999905568623149        0.0000000000000000        0.0000000000000000     
 -0.99999905060927574        0.0000000000000000        0.0000000000000000     
 -0.99999904553232000        0.0000000000000000        0.0000000000000000     
 -0.99999904045536425        0.0000000000000000        0.0000000000000000     
 -0.99999903537840851        0.0000000000000000        0.0000000000000000     
 -0.99999903030145276        0.0000000000000000        0.0000000000000000     
 -0.99999902522449702        0.0000000000000000        0.0000000000000000     
 -0.99999902014754127        0.0000000000000000        0.0000000000000000     
 -0.99999901507058553        0.0000000000000000        0.0000000000000000     
 -0.99999900999362978        0.0000000000000000        0.0000000000000000     
 -0.99999900491667404        0.0000000000000000        0.0000000000000000     
 -0.99999899983971829        0.0000000000000000        0.0000000000000000     
 -0.99999899476276255        0.0000000000000000        0.0000000000000000     
 -0.99999898968580681        0.0000000000000000        0.0000000000000000     
 -0.99999898460885106        0.0000000000000000        0.0000000000000000     
 -0.99999897953189532        0.0000000000000000        0.0000000000000000     
 -0.99999897445493957        0.0000000000000000        0.0000000000000000     
 -0.99999896937798383        0.0000000000000000        0.0000000000000000     
 -0.99999896430102808        0.0000000000000000        0.0000000000000000     
 -0.99999895922407234        0.0000000000000000        0.0000000000000000     
 -0.99999895414711659        0.0000000000000000        0.0000000000000000     
 -0.99999894907016085        0.0000000000000000        0.0000000000000000     
 -0.99999894399320510        0.0000000000000000        0.0000000000000000     
 -0.99999893891624936        0.0000000000000000        0.0000000000000000     
 -0.99999893383929361        0.0000000000000000        0.0000000000000000     
 -0.99999892876233787        0.0000000000000000        0.0000000000000000     
 -0.99999892368538212        0.0000000000000000        0.0000000000000000     
 -0.99999891860842638        0.0000000000000000        0.0000000000000000     
 -0.99999891353147063        0.0000000000000000        0.0000000000000000     
 -0.99999890845451489        0.0000000000000000        0.0000000000000000     
 -0.99999890337755915        0.0000000000000000        0.0000000000000000     
 -0.99999889830060340        0.0000000000000000        0.0000000000000000     
 -0.99999889322364766        0.0000000000000000        0.0000000000000000     
 -0.99999888814669191        0.0000000000000000        0.0000000000000000     
 -0.99999888306973617        0.0000000000000000        0.0000000000000000     
 -0.99999887799278042        0.0000000000000000        0.0000000000000000     
 -0.99999887291582468        0.0000000000000000        0.0000000000000000     
 -0.99999886783886893        0.0000000000000000        0.0000000000000000     
 -0.99999886276191319        0.0000000000000000        0.0000000000000000     
 -0.99999885768495744        0.0000000000000000        0.0000000000000000     
 -0.99999885260800170        0.0000000000000000        0.0000000000000000     
 -0.99999884753104595        0.0000000000000000        0.0000000000000000     
 -0.99999884245409021        0.0000000000000000        0.0000000000000000     
 -0.99999883737713446        0.0000000000000000        0.0000000000000000     
 -0.99999883230017872        0.0000000000000000        0.0000000000000000     
 -0.99999882722322297        0.0000000000000000        0.0000000000000000     
 -0.99999882214626723        0.0000000000000000        0.0000000000000000     
 -0.99999881706931149        0.0000000000000000        0.0000000000000000     
 -0.99999881199235574        0.0000000000000000        0.0000000000000000     
 -0.99999880691540000        0.0000000000000000        0.0000000000000000     
 -0.99999880183844425        0.0000000000000000        0.0000000000000000     
 -0.99999879676148851        0.0000000000000000        0.0000000000000000     
 -0.99999879168453276        0.0000000000000000        0.0000000000000000     
 -0.99999878660757702        0.0000000000000000        0.0000000000000000     
 -0.99999878153062127        0.0000000000000000        0.0000000000000000     
 -0.99999877645366553        0.0000000000000000        0.0000000000000000     
 -0.99999877137670978        0.0000000000000000        0.0000000000000000     
 -0.99999876629975404        0.0000000000000000        0.0000000000000000     
 -0.99999876122279829        0.0000000000000000        0.0000000000000000     
 -0.99999875614584255        0.0000000000000000        0.0000000000000000     
 -0.99999875106888680        0.0000000000000000        0.0000000000000000     
 -0.99999874599193106        0.0000000000000000        0.0000000000000000     
 -0.99999874091497531        0.0000000000000000        0.0000000000000000     
 -0.99999873583801957        0.0000000000000000        0.0000000000000000     
 -0.99999873076106383        0.0000000000000000        0.0000000000000000     
 -0.99999872568410808        0.0000000000000000        0.0000000000000000     
 -0.99999872060715234        0.0000000000000000        0.0000000000000000     
 -0.99999871553019659        0.0000000000000000        0.0000000000000000     
 -0.99999871045324085        0.0000000000000000        0.0000000000000000     
 -0.99999870537628510        0.0000000000000000        0.0000000000000000     
 -0.99999870029932936        0.0000000000000000        0.0000000000000000     
 -0.99999869522237361        0.0000000000000000        0.0000000000000000     
 -0.99999869014541787        0.0000000000000000        0.0000000000000000     
 -0.99999868506846212        0.0000000000000000        0.0000000000000000     
 -0.99999867999150638        0.0000000000000000        0.0000000000000000     
 -0.99999867491455063        0.0000000000000000        0.0000000000000000     
 -0.99999866983759489        0.0000000000000000        0.0000000000000000     
 -0.99999866476063914        0.0000000000000000        0.0000000000000000     
 -0.99999865968368340        0.0000000000000000        0.0000000000000000     
 -0.99999865460672765        0.0000000000000000        0.0000000000000000     
 -0.99999864952977191        0.0000000000000000        0.0000000000000000     
 -0.99999864445281617        0.0000000000000000        0.0000000000000000     
 -0.99999863937586042        0.0000000000000000        0.0000000000000000     
 -0.99999863429890468        0.0000000000000000        0.0000000000000000     
 -0.99999862922194893        0.0000000000000000        0.0000000000000000     
 -0.99999862414499319        0.0000000000000000        0.0000000000000000     
 -0.99999861906803744        0.0000000000000000        0.0000000000000000     
 -0.99999861399108170        0.0000000000000000        0.0000000000000000     
 -0.99999860891412595        0.0000000000000000        0.0000000000000000     
 -0.99999860383717021        0.0000000000000000        0.0000000000000000     
 -0.99999859876021446        0.0000000000000000        0.0000000000000000     
 -0.99999859368325872        0.0000000000000000        0.0000000000000000     
 -0.99999858860630297        0.0000000000000000        0.0000000000000000     
 -0.99999858352934723        0.0000000000000000        0.0000000000000000     
 -0.99999857845239148        0.0000000000000000        0.0000000000000000     
 -0.99999857337543574        0.0000000000000000        0.0000000000000000     
 -0.99999856829848000        0.0000000000000000        0.0000000000000000     
 -0.99999856322152425        0.0000000000000000        0.0000000000000000     
 -0.99999855814456851        0.0000000000000000        0.0000000000000000     
 -0.99999855306761276        0.0000000000000000        0.0000000000000000     
 -0.99999854799065702        0.0000000000000000        0.0000000000000000     
 -0.99999854291370127        0.0000000000000000        0.0000000000000000     
 -0.99999853783674553        0.0000000000000000        0.0000000000000000     
 -0.99999853275978978        0.0000000000000000        0.0000000000000000     
 -0.99999852768283404        0.0000000000000000        0.0000000000000000     
 -0.99999852260587829        0.0000000000000000        0.0000000000000000     
 -0.99999851752892255        0.0000000000000000        0.0000000000000000     
 -0.99999851245196680        0.0000000000000000        0.0000000000000000     
 -0.99999850737501106        0.0000000000000000        0.0000000000000000     
 -0.99999850229805531        0.0000000000000000        0.0000000000000000     
 -0.99999849722109957        0.0000000000000000        0.0000000000000000     
 -0.99999849214414382        0.0000000000000000        0.0000000000000000     
 -0.99999848706718808        0.0000000000000000        0.0000000000000000     
 -0.99999848199023234        0.0000000000000000        0.0000000000000000     
