  0.21131675000000000        0.0000000000000000        0.0000000000000000     
  0.21134902750000001        0.0000000000000000        0.0000000000000000     
  0.21138130500000002        0.0000000000000000        0.0000000000000000     
  0.21141358250000003        0.0000000000000000        0.0000000000000000     
  0.21144586000000004        0.0000000000000000        0.0000000000000000     
  0.21147813750000005        0.0000000000000000        0.0000000000000000     
  0.21151041500000006        0.0000000000000000        0.0000000000000000     
  0.21154269250000007        0.0000000000000000        0.0000000000000000     
  0.21157497000000008        0.0000000000000000        0.0000000000000000     
  0.21160724750000010        0.0000000000000000        0.0000000000000000     
  0.21163952500000011        0.0000000000000000        0.0000000000000000     
  0.21167180250000012        0.0000000000000000        0.0000000000000000     
  0.21170408000000013        0.0000000000000000        0.0000000000000000     
  0.21173635750000014        0.0000000000000000        0.0000000000000000     
  0.21176863500000015        0.0000000000000000        0.0000000000000000     
  0.21180091250000016        0.0000000000000000        0.0000000000000000     
  0.21183319000000017        0.0000000000000000        0.0000000000000000     
  0.21186546750000018        0.0000000000000000        0.0000000000000000     
  0.21189774500000019        0.0000000000000000        0.0000000000000000     
  0.21193002250000020        0.0000000000000000        0.0000000000000000     
  0.21196230000000021        0.0000000000000000        0.0000000000000000     
  0.21199457750000023        0.0000000000000000        0.0000000000000000     
  0.21202685500000024        0.0000000000000000        0.0000000000000000     
  0.21205913250000025        0.0000000000000000        0.0000000000000000     
  0.21209141000000026        0.0000000000000000        0.0000000000000000     
  0.21212368750000027        0.0000000000000000        0.0000000000000000     
  0.21215596500000028        0.0000000000000000        0.0000000000000000     
  0.21218824250000029        0.0000000000000000        0.0000000000000000     
  0.21222052000000030        0.0000000000000000        0.0000000000000000     
  0.21225279750000031        0.0000000000000000        0.0000000000000000     
  0.21228507500000032        0.0000000000000000        0.0000000000000000     
  0.21231735250000033        0.0000000000000000        0.0000000000000000     
  0.21234963000000034        0.0000000000000000        0.0000000000000000     
  0.21238190750000036        0.0000000000000000        0.0000000000000000     
  0.21241418500000037        0.0000000000000000        0.0000000000000000     
  0.21244646250000038        0.0000000000000000        0.0000000000000000     
  0.21247874000000039        0.0000000000000000        0.0000000000000000     
  0.21251101750000040        0.0000000000000000        0.0000000000000000     
  0.21254329500000041        0.0000000000000000        0.0000000000000000     
  0.21257557250000042        0.0000000000000000        0.0000000000000000     
  0.21260785000000043        0.0000000000000000        0.0000000000000000     
  0.21264012750000044        0.0000000000000000        0.0000000000000000     
  0.21267240500000045        0.0000000000000000        0.0000000000000000     
  0.21270468250000046        0.0000000000000000        0.0000000000000000     
  0.21273696000000047        0.0000000000000000        0.0000000000000000     
  0.21276923750000049        0.0000000000000000        0.0000000000000000     
  0.21280151500000050        0.0000000000000000        0.0000000000000000     
  0.21283379250000051        0.0000000000000000        0.0000000000000000     
  0.21286607000000052        0.0000000000000000        0.0000000000000000     
  0.21289834750000053        0.0000000000000000        0.0000000000000000     
  0.21293062500000054        0.0000000000000000        0.0000000000000000     
  0.21296290250000055        0.0000000000000000        0.0000000000000000     
  0.21299518000000056        0.0000000000000000        0.0000000000000000     
  0.21302745750000057        0.0000000000000000        0.0000000000000000     
  0.21305973500000058        0.0000000000000000        0.0000000000000000     
  0.21309201250000059        0.0000000000000000        0.0000000000000000     
  0.21312429000000060        0.0000000000000000        0.0000000000000000     
  0.21315656750000062        0.0000000000000000        0.0000000000000000     
  0.21318884500000063        0.0000000000000000        0.0000000000000000     
  0.21322112250000064        0.0000000000000000        0.0000000000000000     
  0.21325340000000065        0.0000000000000000        0.0000000000000000     
  0.21328567750000066        0.0000000000000000        0.0000000000000000     
  0.21331795500000067        0.0000000000000000        0.0000000000000000     
  0.21335023250000068        0.0000000000000000        0.0000000000000000     
  0.21338251000000069        0.0000000000000000        0.0000000000000000     
  0.21341478750000070        0.0000000000000000        0.0000000000000000     
  0.21344706500000071        0.0000000000000000        0.0000000000000000     
  0.21347934250000072        0.0000000000000000        0.0000000000000000     
  0.21351162000000073        0.0000000000000000        0.0000000000000000     
  0.21354389750000075        0.0000000000000000        0.0000000000000000     
  0.21357617500000076        0.0000000000000000        0.0000000000000000     
  0.21360845250000077        0.0000000000000000        0.0000000000000000     
  0.21364073000000078        0.0000000000000000        0.0000000000000000     
  0.21367300750000079        0.0000000000000000        0.0000000000000000     
  0.21370528500000080        0.0000000000000000        0.0000000000000000     
  0.21373756250000081        0.0000000000000000        0.0000000000000000     
  0.21376984000000082        0.0000000000000000        0.0000000000000000     
  0.21380211750000083        0.0000000000000000        0.0000000000000000     
  0.21383439500000084        0.0000000000000000        0.0000000000000000     
  0.21386667250000085        0.0000000000000000        0.0000000000000000     
  0.21389895000000086        0.0000000000000000        0.0000000000000000     
  0.21393122750000088        0.0000000000000000        0.0000000000000000     
  0.21396350500000089        0.0000000000000000        0.0000000000000000     
  0.21399578250000090        0.0000000000000000        0.0000000000000000     
  0.21402806000000091        0.0000000000000000        0.0000000000000000     
  0.21406033750000092        0.0000000000000000        0.0000000000000000     
  0.21409261500000093        0.0000000000000000        0.0000000000000000     
  0.21412489250000094        0.0000000000000000        0.0000000000000000     
  0.21415717000000095        0.0000000000000000        0.0000000000000000     
  0.21418944750000096        0.0000000000000000        0.0000000000000000     
  0.21422172500000097        0.0000000000000000        0.0000000000000000     
  0.21425400250000098        0.0000000000000000        0.0000000000000000     
  0.21428628000000099        0.0000000000000000        0.0000000000000000     
  0.21431855750000101        0.0000000000000000        0.0000000000000000     
  0.21435083500000102        0.0000000000000000        0.0000000000000000     
  0.21438311250000103        0.0000000000000000        0.0000000000000000     
  0.21441539000000104        0.0000000000000000        0.0000000000000000     
  0.21444766750000105        0.0000000000000000        0.0000000000000000     
  0.21447994500000106        0.0000000000000000        0.0000000000000000     
  0.21451222250000107        0.0000000000000000        0.0000000000000000     
  0.21454450000000108        0.0000000000000000        0.0000000000000000     
  0.21457677750000109        0.0000000000000000        0.0000000000000000     
  0.21460905500000110        0.0000000000000000        0.0000000000000000     
  0.21464133250000111        0.0000000000000000        0.0000000000000000     
  0.21467361000000112        0.0000000000000000        0.0000000000000000     
  0.21470588750000114        0.0000000000000000        0.0000000000000000     
  0.21473816500000115        0.0000000000000000        0.0000000000000000     
  0.21477044250000116        0.0000000000000000        0.0000000000000000     
  0.21480272000000117        0.0000000000000000        0.0000000000000000     
  0.21483499750000118        0.0000000000000000        0.0000000000000000     
  0.21486727500000119        0.0000000000000000        0.0000000000000000     
  0.21489955250000120        0.0000000000000000        0.0000000000000000     
  0.21493183000000121        0.0000000000000000        0.0000000000000000     
  0.21496410750000122        0.0000000000000000        0.0000000000000000     
  0.21499638500000123        0.0000000000000000        0.0000000000000000     
  0.21502866250000124        0.0000000000000000        0.0000000000000000     
  0.21506094000000125        0.0000000000000000        0.0000000000000000     
  0.21509321750000127        0.0000000000000000        0.0000000000000000     
  0.21512549500000128        0.0000000000000000        0.0000000000000000     
  0.21515777250000129        0.0000000000000000        0.0000000000000000     
  0.21519005000000130        0.0000000000000000        0.0000000000000000     
  0.21522232750000131        0.0000000000000000        0.0000000000000000     
  0.21525460500000132        0.0000000000000000        0.0000000000000000     
  0.21528688250000133        0.0000000000000000        0.0000000000000000     
  0.21531916000000134        0.0000000000000000        0.0000000000000000     
  0.21535143750000135        0.0000000000000000        0.0000000000000000     
  0.21538371500000136        0.0000000000000000        0.0000000000000000     
  0.21541599250000137        0.0000000000000000        0.0000000000000000     
  0.21544827000000139        0.0000000000000000        0.0000000000000000     
  0.21548054750000140        0.0000000000000000        0.0000000000000000     
  0.21551282500000141        0.0000000000000000        0.0000000000000000     
  0.21554510250000142        0.0000000000000000        0.0000000000000000     
  0.21557738000000143        0.0000000000000000        0.0000000000000000     
  0.21560965750000144        0.0000000000000000        0.0000000000000000     
  0.21564193500000145        0.0000000000000000        0.0000000000000000     
  0.21567421250000146        0.0000000000000000        0.0000000000000000     
  0.21570649000000147        0.0000000000000000        0.0000000000000000     
  0.21573876750000148        0.0000000000000000        0.0000000000000000     
  0.21577104500000149        0.0000000000000000        0.0000000000000000     
  0.21580332250000150        0.0000000000000000        0.0000000000000000     
  0.21583560000000152        0.0000000000000000        0.0000000000000000     
  0.21586787750000153        0.0000000000000000        0.0000000000000000     
  0.21590015500000154        0.0000000000000000        0.0000000000000000     
  0.21593243250000155        0.0000000000000000        0.0000000000000000     
  0.21596471000000156        0.0000000000000000        0.0000000000000000     
  0.21599698750000157        0.0000000000000000        0.0000000000000000     
  0.21602926500000158        0.0000000000000000        0.0000000000000000     
  0.21606154250000159        0.0000000000000000        0.0000000000000000     
  0.21609382000000160        0.0000000000000000        0.0000000000000000     
  0.21612609750000161        0.0000000000000000        0.0000000000000000     
  0.21615837500000162        0.0000000000000000        0.0000000000000000     
  0.21619065250000163        0.0000000000000000        0.0000000000000000     
  0.21622293000000165        0.0000000000000000        0.0000000000000000     
  0.21625520750000166        0.0000000000000000        0.0000000000000000     
  0.21628748500000167        0.0000000000000000        0.0000000000000000     
  0.21631976250000168        0.0000000000000000        0.0000000000000000     
  0.21635204000000169        0.0000000000000000        0.0000000000000000     
  0.21638431750000170        0.0000000000000000        0.0000000000000000     
  0.21641659500000171        0.0000000000000000        0.0000000000000000     
  0.21644887250000172        0.0000000000000000        0.0000000000000000     
  0.21648115000000173        0.0000000000000000        0.0000000000000000     
  0.21651342750000174        0.0000000000000000        0.0000000000000000     
  0.21654570500000175        0.0000000000000000        0.0000000000000000     
  0.21657798250000176        0.0000000000000000        0.0000000000000000     
  0.21661026000000178        0.0000000000000000        0.0000000000000000     
  0.21664253750000179        0.0000000000000000        0.0000000000000000     
  0.21667481500000180        0.0000000000000000        0.0000000000000000     
  0.21670709250000181        0.0000000000000000        0.0000000000000000     
  0.21673937000000182        0.0000000000000000        0.0000000000000000     
  0.21677164750000183        0.0000000000000000        0.0000000000000000     
  0.21680392500000184        0.0000000000000000        0.0000000000000000     
  0.21683620250000185        0.0000000000000000        0.0000000000000000     
  0.21686848000000186        0.0000000000000000        0.0000000000000000     
  0.21690075750000187        0.0000000000000000        0.0000000000000000     
  0.21693303500000188        0.0000000000000000        0.0000000000000000     
  0.21696531250000189        0.0000000000000000        0.0000000000000000     
  0.21699759000000191        0.0000000000000000        0.0000000000000000     
  0.21702986750000192        0.0000000000000000        0.0000000000000000     
  0.21706214500000193        0.0000000000000000        0.0000000000000000     
  0.21709442250000194        0.0000000000000000        0.0000000000000000     
  0.21712670000000195        0.0000000000000000        0.0000000000000000     
  0.21715897750000196        0.0000000000000000        0.0000000000000000     
  0.21719125500000197        0.0000000000000000        0.0000000000000000     
  0.21722353250000198        0.0000000000000000        0.0000000000000000     
  0.21725581000000199        0.0000000000000000        0.0000000000000000     
  0.21728808750000200        0.0000000000000000        0.0000000000000000     
  0.21732036500000201        0.0000000000000000        0.0000000000000000     
  0.21735264250000202        0.0000000000000000        0.0000000000000000     
  0.21738492000000204        0.0000000000000000        0.0000000000000000     
  0.21741719750000205        0.0000000000000000        0.0000000000000000     
  0.21744947500000206        0.0000000000000000        0.0000000000000000     
  0.21748175250000207        0.0000000000000000        0.0000000000000000     
  0.21751403000000208        0.0000000000000000        0.0000000000000000     
  0.21754630750000209        0.0000000000000000        0.0000000000000000     
  0.21757858500000210        0.0000000000000000        0.0000000000000000     
  0.21761086250000211        0.0000000000000000        0.0000000000000000     
  0.21764314000000212        0.0000000000000000        0.0000000000000000     
  0.21767541750000213        0.0000000000000000        0.0000000000000000     
  0.21770769500000214        0.0000000000000000        0.0000000000000000     
  0.21773997250000215        0.0000000000000000        0.0000000000000000     
  0.21777225000000217        0.0000000000000000        0.0000000000000000     
  0.21780452750000218        0.0000000000000000        0.0000000000000000     
  0.21783680500000219        0.0000000000000000        0.0000000000000000     
  0.21786908250000220        0.0000000000000000        0.0000000000000000     
  0.21790136000000221        0.0000000000000000        0.0000000000000000     
  0.21793363750000222        0.0000000000000000        0.0000000000000000     
  0.21796591500000223        0.0000000000000000        0.0000000000000000     
  0.21799819250000224        0.0000000000000000        0.0000000000000000     
  0.21803047000000225        0.0000000000000000        0.0000000000000000     
  0.21806274750000226        0.0000000000000000        0.0000000000000000     
  0.21809502500000227        0.0000000000000000        0.0000000000000000     
  0.21812730250000228        0.0000000000000000        0.0000000000000000     
  0.21815958000000230        0.0000000000000000        0.0000000000000000     
  0.21819185750000231        0.0000000000000000        0.0000000000000000     
  0.21822413500000232        0.0000000000000000        0.0000000000000000     
  0.21825641250000233        0.0000000000000000        0.0000000000000000     
  0.21828869000000234        0.0000000000000000        0.0000000000000000     
  0.21832096750000235        0.0000000000000000        0.0000000000000000     
  0.21835324500000236        0.0000000000000000        0.0000000000000000     
  0.21838552250000237        0.0000000000000000        0.0000000000000000     
  0.21841780000000238        0.0000000000000000        0.0000000000000000     
  0.21845007750000239        0.0000000000000000        0.0000000000000000     
  0.21848235500000240        0.0000000000000000        0.0000000000000000     
  0.21851463250000241        0.0000000000000000        0.0000000000000000     
  0.21854691000000243        0.0000000000000000        0.0000000000000000     
  0.21857918750000244        0.0000000000000000        0.0000000000000000     
  0.21861146500000245        0.0000000000000000        0.0000000000000000     
  0.21864374250000246        0.0000000000000000        0.0000000000000000     
  0.21867602000000247        0.0000000000000000        0.0000000000000000     
  0.21870829750000248        0.0000000000000000        0.0000000000000000     
  0.21874057500000249        0.0000000000000000        0.0000000000000000     
  0.21877285250000250        0.0000000000000000        0.0000000000000000     
  0.21880513000000251        0.0000000000000000        0.0000000000000000     
  0.21883740750000252        0.0000000000000000        0.0000000000000000     
  0.21886968500000253        0.0000000000000000        0.0000000000000000     
  0.21890196250000254        0.0000000000000000        0.0000000000000000     
  0.21893424000000256        0.0000000000000000        0.0000000000000000     
  0.21896651750000257        0.0000000000000000        0.0000000000000000     
  0.21899879500000258        0.0000000000000000        0.0000000000000000     
  0.21903107250000259        0.0000000000000000        0.0000000000000000     
  0.21906335000000260        0.0000000000000000        0.0000000000000000     
  0.21909562750000261        0.0000000000000000        0.0000000000000000     
  0.21912790500000262        0.0000000000000000        0.0000000000000000     
  0.21916018250000263        0.0000000000000000        0.0000000000000000     
  0.21919246000000264        0.0000000000000000        0.0000000000000000     
  0.21922473750000265        0.0000000000000000        0.0000000000000000     
  0.21925701500000266        0.0000000000000000        0.0000000000000000     
  0.21928929250000267        0.0000000000000000        0.0000000000000000     
  0.21932157000000269        0.0000000000000000        0.0000000000000000     
  0.21935384750000270        0.0000000000000000        0.0000000000000000     
  0.21938612500000271        0.0000000000000000        0.0000000000000000     
  0.21941840250000272        0.0000000000000000        0.0000000000000000     
  0.21945068000000273        0.0000000000000000        0.0000000000000000     
  0.21948295750000274        0.0000000000000000        0.0000000000000000     
  0.21951523500000275        0.0000000000000000        0.0000000000000000     
  0.21954751250000276        0.0000000000000000        0.0000000000000000     
  0.21957979000000277        0.0000000000000000        0.0000000000000000     
  0.21961206750000278        0.0000000000000000        0.0000000000000000     
  0.21964434500000279        0.0000000000000000        0.0000000000000000     
  0.21967662250000280        0.0000000000000000        0.0000000000000000     
  0.21970890000000282        0.0000000000000000        0.0000000000000000     
  0.21974117750000283        0.0000000000000000        0.0000000000000000     
  0.21977345500000284        0.0000000000000000        0.0000000000000000     
  0.21980573250000285        0.0000000000000000        0.0000000000000000     
  0.21983801000000286        0.0000000000000000        0.0000000000000000     
  0.21987028750000287        0.0000000000000000        0.0000000000000000     
  0.21990256500000288        0.0000000000000000        0.0000000000000000     
  0.21993484250000289        0.0000000000000000        0.0000000000000000     
  0.21996712000000290        0.0000000000000000        0.0000000000000000     
  0.21999939750000291        0.0000000000000000        0.0000000000000000     
  0.22003167500000292        0.0000000000000000        0.0000000000000000     
  0.22006395250000294        0.0000000000000000        0.0000000000000000     
  0.22009623000000295        0.0000000000000000        0.0000000000000000     
  0.22012850750000296        0.0000000000000000        0.0000000000000000     
  0.22016078500000297        0.0000000000000000        0.0000000000000000     
  0.22019306250000298        0.0000000000000000        0.0000000000000000     
  0.22022534000000299        0.0000000000000000        0.0000000000000000     
  0.22025761750000300        0.0000000000000000        0.0000000000000000     
  0.22028989500000301        0.0000000000000000        0.0000000000000000     
  0.22032217250000302        0.0000000000000000        0.0000000000000000     
  0.22035445000000303        0.0000000000000000        0.0000000000000000     
  0.22038672750000304        0.0000000000000000        0.0000000000000000     
  0.22041900500000305        0.0000000000000000        0.0000000000000000     
  0.22045128250000307        0.0000000000000000        0.0000000000000000     
  0.22048356000000308        0.0000000000000000        0.0000000000000000     
  0.22051583750000309        0.0000000000000000        0.0000000000000000     
  0.22054811500000310        0.0000000000000000        0.0000000000000000     
  0.22058039250000311        0.0000000000000000        0.0000000000000000     
  0.22061267000000312        0.0000000000000000        0.0000000000000000     
  0.22064494750000313        0.0000000000000000        0.0000000000000000     
  0.22067722500000314        0.0000000000000000        0.0000000000000000     
  0.22070950250000315        0.0000000000000000        0.0000000000000000     
  0.22074178000000316        0.0000000000000000        0.0000000000000000     
  0.22077405750000317        0.0000000000000000        0.0000000000000000     
  0.22080633500000318        0.0000000000000000        0.0000000000000000     
  0.22083861250000320        0.0000000000000000        0.0000000000000000     
  0.22087089000000321        0.0000000000000000        0.0000000000000000     
  0.22090316750000322        0.0000000000000000        0.0000000000000000     
  0.22093544500000323        0.0000000000000000        0.0000000000000000     
  0.22096772250000324        23781126.639719654        9738.4099356842598     
