  0.10000000000000001        4.7730151347205881E-002   1.3237602692801036E-002
  0.69933333333333336       0.14123596249793122        2.2909657800508861E-002
   1.2986666666666666       0.20392991023191204        2.7008043730046633E-002
   1.8980000000000001       0.28915940761011216        3.1927064885591640E-002
   2.4973333333333336       0.38373002833531961        3.6916386426747785E-002
   3.0966666666666671       0.46078183374081416        4.0402662271476854E-002
   3.6960000000000006       0.44793934083150616        3.9895460989407119E-002
   4.2953333333333337       0.52294706097508314        4.2973231646638382E-002
   4.8946666666666667       0.71693587440610729        5.0298583802926095E-002
   5.4939999999999998       0.77658066549445071        5.2573546973023411E-002
   6.0933333333333328       0.69399611475275103        4.9551689717794646E-002
   6.6926666666666659       0.93219344098541612        5.7451226476942931E-002
   7.2919999999999989       0.80148550419882736        5.3289904543410142E-002
   7.8913333333333320        1.0070724713447714        6.0042799791011195E-002
   8.4906666666666659        1.0413989204748955        6.0803509157578962E-002
   9.0899999999999999        1.0702652885738686        6.1754624821796708E-002
   9.6893333333333338        1.2381235530332473        6.6515686809997837E-002
   10.288666666666668        1.3593095242368261        6.9678000767929349E-002
   10.888000000000002        1.3731585313103760        7.0111242948637867E-002
   11.487333333333336        1.3236638865024490        6.8856284805751275E-002
   12.086666666666670        1.5551841085321165        7.4672633231818358E-002
   12.686000000000003        1.5613406727349231        7.4968119551753157E-002
   13.285333333333337        1.6209970128343056        7.6516055890865076E-002
   13.884666666666671        1.6123277979788686        7.6277820024090323E-002
   14.484000000000005        1.7769178008802649        8.0276172290962497E-002
   15.083333333333339        1.9193279189191288        8.3439733763773533E-002
   15.682666666666673        2.0295530239969923        8.6053684025510016E-002
   16.282000000000007        1.8515674987589532        8.2228726458241280E-002
   16.881333333333341        2.1129804272058257        8.7862984122208082E-002
   17.480666666666675        2.0669960061137505        8.7092795499521439E-002
   18.080000000000009        2.3723190525384856        9.3362015952387703E-002
   18.679333333333343        2.0940869719558046        8.7921240407513840E-002
   19.278666666666677        2.2630266809180939        9.1515354440901558E-002
   19.878000000000011        2.2852298949097269        9.2186100746022265E-002
   20.477333333333345        2.5827006226931988        9.8043579363481917E-002
   21.076666666666679        2.7108631267145897       0.10067203681239630     
   21.676000000000013        2.5197319463901011        9.7215137100641530E-002
   22.275333333333347        2.7359607085813686       0.10160377445783229     
   22.874666666666680        2.6507713145656959       0.10004938216365848     
   23.474000000000014        2.7307701118510863       0.10176490681546482     
   24.073333333333348        3.0409049819109022       0.10754257775137800     
   24.672666666666682        3.0067231558960952       0.10714599626128038     
   25.272000000000016        2.9535941197852886       0.10641487801570564     
   25.871333333333350        3.1019893873075413       0.10935902282047542     
   26.470666666666684        3.1307326360443355       0.11002902941788421     
   27.070000000000018        3.0048193783916060       0.10811905218980959     
   27.669333333333352        3.2892228783369015       0.11329809284420721     
   28.268666666666686        3.1420970897422471       0.11098162440602533     
   28.868000000000020        3.2797305546750000       0.11365194512803441     
   29.467333333333354        3.4985799369529156       0.11779597272861499     
   30.066666666666688        3.4175626398851109       0.11654149541476709     
   30.666000000000022        3.5806647227843880       0.11954113522788323     
   31.265333333333356        3.6560935329755950       0.12111125788942574     
   31.864666666666690        3.4558276771420666       0.11805393601103681     
   32.464000000000020        3.8806272303906892       0.12540007589169749     
   33.063333333333354        3.4642215362868565       0.11883029152531512     
   33.662666666666688        3.7121779533642325       0.12358433562364626     
   34.262000000000022        3.9336988262025954       0.12738296339200256     
   34.861333333333356        3.7662908359864775       0.12489971198207377     
   35.460666666666690        4.0981394990029143       0.13058672204869604     
   36.060000000000024        4.0326201509437567       0.13010577728739312     
   36.659333333333358        4.0516382390102956       0.13058319964769202     
   37.258666666666691        3.9693128001832720       0.12963718012671002     
   37.858000000000025        4.2336973489980636       0.13428903256494512     
   38.457333333333359        4.1619021451769314       0.13350952223600682     
   39.056666666666693        4.3643549419473908       0.13718674808839079     
   39.656000000000027        4.3056695312717626       0.13664127591361780     
   40.255333333333361        4.3348821996661933       0.13749864013361537     
   40.854666666666695        4.1486482294604183       0.13498721819939929     
   41.454000000000029        4.5113051523598866       0.14117452154328566     
   42.053333333333363        4.2714610393709114       0.13781216963927492     
   42.652666666666697        4.7146321530263329       0.14526004895746220     
   43.252000000000031        4.6260231034069212       0.14426695028553793     
   43.851333333333365        4.7354560090893640       0.14653415949214896     
   44.450666666666699        4.8403370846068343       0.14870622671771666     
   45.050000000000033        4.8176291903309352       0.14893253189568689     
   45.649333333333367        5.0307464405056734       0.15246622452671957     
   46.248666666666701        4.9875107006520993       0.15228897754618426     
   46.848000000000035        4.8920883658789958       0.15130839550469602     
   47.447333333333368        4.8556511142551972       0.15150142703743047     
   48.046666666666702        4.8181904830302509       0.15122660933286663     
   48.646000000000036        5.0276884926825813       0.15490599959108256     
   49.245333333333370        5.1743829027823498       0.15777245869867432     
   49.844666666666704        5.1947799523929303       0.15854344620712815     
   50.444000000000038        5.1828695616450950       0.15892814597380950     
   51.043333333333372        5.1811794337933801       0.15948228734962153     
   51.642666666666706        5.4479672376093990       0.16405059746743031     
   52.242000000000040        5.4369643143476081       0.16447318279710832     
   52.841333333333374        5.5226523256575790       0.16637548703764155     
   53.440666666666708        5.3448770956342599       0.16428560349166604     
   54.040000000000042        5.5881017771117216       0.16850161098158986     
   54.639333333333376        5.4122912975653721       0.16659553744214137     
   55.238666666666710        5.6310843447952976       0.17050220842193747     
   55.838000000000044        5.4593120288906736       0.16836539966587175     
   56.437333333333378        5.7012365623607746       0.17262688698791992     
   57.036666666666711        5.6594003967896684       0.17256127904970905     
   57.636000000000045        5.4970914662529440       0.17059781495697648     
   58.235333333333379        5.4829265271871739       0.17099045407667726     
   58.834666666666713        5.6955834916610701       0.17489904104570603     
   59.434000000000047        5.6797157788766048       0.17558310458089729     
   60.033333333333381        5.8446884895951170       0.17837847964453066     
   60.632666666666715        5.8828506630490809       0.17954326991436248     
   61.232000000000049        5.8691345159452641       0.17997187745352977     
   61.831333333333383        5.8568882846815642       0.18062598576351568     
   62.430666666666717        6.0103305572149326       0.18334769403819903     
   63.030000000000051        5.7619418615778999       0.18022224941134965     
   63.629333333333385        5.6726060058931020       0.17938488655441373     
   64.228666666666712        5.7172571735057733       0.18070572116876027     
   64.828000000000046        6.3866735079842289       0.19144360444696165     
   65.427333333333380        6.3360458687536827       0.19149387951279284     
   66.026666666666713        6.3941226477064586       0.19280623544042844     
   66.626000000000047        6.4716062673530743       0.19460765430530905     
   67.225333333333381        6.1006428317639543       0.18951254121113406     
   67.824666666666715        6.1306035598268549       0.19053601192118164     
   68.424000000000049        6.2543040234070189       0.19306846693356261     
   69.023333333333383        6.3856698961342699       0.19562558181172798     
   69.622666666666717        6.1570655471783704       0.19305636301206158     
   70.222000000000051        6.1658235364752478       0.19342813542378828     
   70.821333333333385        5.8478554530490161       0.18887046011181319     
   71.420666666666719        6.5094203431821915       0.19979500454433766     
   72.020000000000053        6.2926034111672564       0.19701471392609446     
   72.619333333333387        6.3560169937088817       0.19841317883609580     
   73.218666666666721        6.2816324578358040       0.19784791574920965     
   73.818000000000055        6.2165017616778666       0.19728181782229781     
   74.417333333333389        6.5665465747121097       0.20319602432800596     
   75.016666666666723        6.5593411035489275       0.20356357655537818     
   75.616000000000057        6.1722924667646177       0.19800033946462672     
   76.215333333333390        6.4976960370564267       0.20363706563835149     
   76.814666666666724        6.6941722068745122       0.20714462900217948     
   77.414000000000058        6.3290478582140492       0.20167418306874099     
   78.013333333333392        6.0653536935149441       0.19798648006807348     
   78.612666666666726        6.9803458637025919       0.21283725710493456     
   79.212000000000060        5.9882301563763374       0.19738549111752027     
   79.811333333333394        6.2049538838314540       0.20114514190527827     
   80.410666666666728        6.9017908315511054       0.21285002977923592     
   81.010000000000062        6.4732170352399869       0.20616225609156083     
   81.609333333333396        6.3762222967522497       0.20486120537158142     
   82.208666666666730        6.6971771081837472       0.21030566458453726     
   82.808000000000064        6.4480739349204139       0.20652618029042671     
   83.407333333333398        6.5128278885801807       0.20784918516490616     
   84.006666666666732        6.7194219437761475       0.21131972284768180     
   84.606000000000066        6.6406963868175577       0.21031669009280951     
   85.205333333333400        6.3209732809503185       0.20534105119294885     
   85.804666666666733        6.4368820892045191       0.20745800090533173     
   86.404000000000067        6.5204804229766449       0.20873754405284206     
   87.003333333333401        7.0399706454068172       0.21700898259636842     
   87.602666666666735        6.6010155034848479       0.21023267832176476     
   88.202000000000069        7.0619781799418799       0.21768660614950525     
   88.801333333333403        7.0922081166544482       0.21799352969883498     
   89.400666666666737        6.4428991013004184       0.20787015318156229     
   90.000000000000071        6.5611742928816046       0.20971559002191045     
   90.599333333333405        6.7495673051657361       0.21269257282723944     
   91.198666666666739        6.5750071264890879       0.21015660906930361     
   91.798000000000073        6.6357265242073860       0.21101390833232098     
   92.397333333333407        6.9157093006939130       0.21514571057135010     
   92.996666666666741        6.8816555885983934       0.21450536239921061     
   93.596000000000075        6.9710124125064103       0.21571165576362530     
   94.195333333333409        6.3480792328559792       0.20578439895691328     
   94.794666666666743        6.5766348702468571       0.20934862068641649     
   95.394000000000077        6.5175603845693129       0.20810717849568700     
   95.993333333333410        6.5357135458055859       0.20815287473401928     
   96.592666666666744        6.2771922385864034       0.20381057051060189     
   97.192000000000078        6.5377697837440838       0.20779354115751553     
   97.791333333333412        6.3469606754842474       0.20455982142501347     
   98.390666666666746        6.7064496608954558       0.20976481092907129     
   98.990000000000080        6.7053260026043597       0.20942009194698205     
   99.589333333333414        6.3719749054585044       0.20398295632608282     
   100.18866666666675        6.4600762410387711       0.20501132898695271     
   100.78800000000008        6.5919603278826244       0.20659184247235277     
   101.38733333333342        6.1976830053128236       0.20016820392040810     
   101.98666666666675        6.6451201462685789       0.20672777044465962     
   102.58600000000008        6.4274616301662899       0.20284728034880467     
   103.18533333333342        6.6010504875604825       0.20525641905905481     
   103.78466666666675        6.4335095058479466       0.20212668436092696     
   104.38400000000009        6.6964670664319703       0.20563403702443661     
   104.98333333333342        6.7947297627005119       0.20669474017864325     
   105.58266666666675        6.3037538763877068       0.19884251255297461     
   106.18200000000009        6.4156274906321844       0.19988151099362897     
   106.78133333333342        6.0286318897038846       0.19349174013599238     
   107.38066666666676        6.1902261836849783       0.19565393727340566     
   107.98000000000009        6.4495904061856404       0.19881069911308571     
   108.57933333333342        6.0252089193953529       0.19169832159823058     
   109.17866666666676        6.3884178111157990       0.19683055842030228     
   109.77800000000009        6.4957380962505145       0.19806148387282738     
   110.37733333333343        6.1976593644967011       0.19299518975530283     
   110.97666666666676        6.1780201539438364       0.19191596845468237     
   111.57600000000009        6.2077407631393946       0.19172345041536543     
   112.17533333333343        6.0942677307766830       0.18940673626896692     
   112.77466666666676        6.1319063256220483       0.18965407362448314     
   113.37400000000009        6.0297532464830086       0.18731012817703066     
   113.97333333333343        6.0338548632257663       0.18680237672189026     
   114.57266666666676        6.0948660531008008       0.18707118144673454     
   115.17200000000010        5.9005825367650679       0.18347634325304762     
   115.77133333333343        5.9351437466857941       0.18339253481536494     
   116.37066666666676        6.0776042626041793       0.18513871353021441     
   116.97000000000010        5.5463795746523115       0.17619435761084515     
   117.56933333333343        6.2131356263848625       0.18582070942456269     
   118.16866666666677        5.8255074158265732       0.17931551068314455     
   118.76800000000010        5.7732297314607175       0.17787648187778066     
   119.36733333333343        5.5575129643622621       0.17400001893606587     
   119.96666666666677        5.7786022118322595       0.17677715199833466     
   120.56600000000010        5.8136989324494888       0.17668723524795002     
   121.16533333333344        5.7188144803945624       0.17461896901841320     
   121.76466666666677        5.6718949948841368       0.17334915317617619     
   122.36400000000010        5.6598235010791047       0.17265480816326476     
   122.96333333333344        5.6496054264090336       0.17178020927566839     
   123.56266666666677        5.4309148388788966       0.16781230317194229     
   124.16200000000011        5.3947820882481903       0.16669570417900764     
   124.76133333333344        5.4373445910011506       0.16673158269850466     
   125.36066666666677        5.4007369775442058       0.16560899319070349     
   125.96000000000011        5.0561673829911022       0.15973055915908238     
   126.55933333333344        5.4774122111908374       0.16562052015595310     
   127.15866666666678        5.0811589777548454       0.15900748301594023     
   127.75800000000011        5.2245777653658516       0.16066487937193416     
   128.35733333333343        5.1712533314983116       0.15932909374075377     
   128.95666666666676        5.1860928290522024       0.15902682447724928     
   129.55600000000010        5.0934168541242668       0.15700623485536247     
   130.15533333333343        5.0984889055672031       0.15671197530332345     
   130.75466666666676        5.2487347535997966       0.15826867031473299     
   131.35400000000010        5.2654040456484763       0.15804776929644376     
   131.95333333333343        4.8612727623566645       0.15130712371649974     
   132.55266666666677        4.8446720547884867       0.15056985068498852     
   133.15200000000010        5.0854388795392520       0.15412239866960342     
   133.75133333333343        4.9554945819469927       0.15124055826947452     
   134.35066666666677        4.6890989406679724       0.14666614000521322     
   134.95000000000010        4.7707667635303066       0.14748479977724849     
   135.54933333333344        4.8775056055692323       0.14872007041732521     
   136.14866666666677        4.7244367099284963       0.14577206719884350     
   136.74800000000010        4.5601444329361351       0.14277360261407343     
   137.34733333333344        4.3945230887371265       0.13981609282153623     
   137.94666666666677        4.7677418120609927       0.14503427924251058     
   138.54600000000011        4.3716364650333901       0.13859386010398356     
   139.14533333333344        4.2791196376479350       0.13663342463697883     
   139.74466666666677        4.1086882540855605       0.13361538535155917     
   140.34400000000011        4.5503250900570427       0.14026411011227347     
   140.94333333333344        4.3506873440264240       0.13648576601788157     
   141.54266666666678        4.1972370619706902       0.13374416872139669     
   142.14200000000011        4.1588834043407603       0.13272601818721341     
   142.74133333333344        4.2107406673839698       0.13315636400185424     
   143.34066666666678        3.7666850485389713       0.12575083712876875     
   143.94000000000011        3.8581526419095633       0.12675800454212852     
   144.53933333333345        3.8459102373806360       0.12635522226438425     
   145.13866666666678        3.7116448490507485       0.12370549496008340     
   145.73800000000011        3.7964162878297105       0.12472964390525879     
   146.33733333333345        3.7327584061372043       0.12331059888569328     
   146.93666666666678        3.4758402995424564       0.11880703975104080     
   147.53600000000012        3.5901697179858805       0.12039999809918947     
   148.13533333333345        3.7578139065762706       0.12279555608174174     
   148.73466666666678        3.5913082664583036       0.11989588756838997     
   149.33400000000012        3.3437005198755849       0.11551936631371679     
   149.93333333333345        3.3938866499468809       0.11593763271835893     
   150.53266666666678        3.2931188239030820       0.11390942199801676     
   151.13200000000012        3.4219428246958410       0.11581264626146674     
   151.73133333333345        3.1819307938986152       0.11155092109560018     
   152.33066666666679        3.0693764266690580       0.10916962558442576     
   152.93000000000012        3.1112175150129437       0.10968458418972286     
   153.52933333333345        3.1707221438229705       0.11047718266818866     
   154.12866666666679        2.8466846615810661       0.10456191564672279     
   154.72800000000012        2.8920941476958677       0.10509505668486045     
   155.32733333333346        2.7394632758803112       0.10208897534675014     
   155.92666666666679        2.7396459856058355       0.10195331102111974     
   156.52600000000012        2.5502034235181368        9.8243642902695882E-002
   157.12533333333346        2.8097062923303180       0.10278623491571284     
   157.72466666666679        2.3753436903208414        9.4366615849562907E-002
   158.32400000000013        2.4639409864438213        9.5927958065722088E-002
   158.92333333333346        2.5492797144525690        9.7555081686366327E-002
   159.52266666666679        2.3952751139076272        9.4338708272653879E-002
   160.12200000000013        2.2658788420332483        9.1555544068415526E-002
   160.72133333333346        2.1543894924600484        8.9274886359267419E-002
   161.32066666666680        2.2286173558523377        9.0496511735494126E-002
   161.92000000000013        2.1972593042312103        8.9745063900663044E-002
   162.51933333333346        2.1037205564641686        8.7706683163193466E-002
   163.11866666666680        2.0400520179446109        8.6265767465708645E-002
   163.71800000000013        1.9685178338660434        8.4698385431363640E-002
   164.31733333333347        1.8923693079404316        8.3059279718092696E-002
   164.91666666666680        1.5922799490134378        7.5928579539865884E-002
   165.51600000000013        1.7452002125404069        7.9414918444362451E-002
   166.11533333333347        1.6631181960359827        7.7387679294552078E-002
   166.71466666666680        1.4544190596412727        7.2301552302235547E-002
   167.31400000000014        1.4693422432856262        7.2594832904264245E-002
   167.91333333333347        1.3681418786794632        7.0130605724478254E-002
   168.51266666666680        1.2993621616334747        6.8149273539000146E-002
   169.11200000000014        1.1791548152447711        6.5064926599782011E-002
   169.71133333333347        1.2053105391654468        6.5515906226526671E-002
   170.31066666666680        1.1495182036504406        6.3919575555282701E-002
   170.91000000000014        1.0542866301790570        6.1346511323657045E-002
   171.50933333333347        1.0785196843066036        6.2024100272642727E-002
   172.10866666666681       0.93326980134788484        5.7517565376593013E-002
   172.70800000000014       0.89325710645443723        5.6241503074894970E-002
   173.30733333333347       0.77131784937552939        5.2217440477606153E-002
   173.90666666666681       0.72760019534311582        5.0673418407397260E-002
   174.50600000000014       0.63259098251411727        4.7265115792734833E-002
   175.10533333333348       0.52561346762372374        4.3047093674203132E-002
   175.70466666666681       0.40206466998391011        3.7982869061865585E-002
   176.30400000000014       0.40853529681972639        3.7922747617004635E-002
   176.90333333333348       0.40008466714920699        3.7795851390760103E-002
   177.50266666666681       0.28570898682082452        3.1740286113800746E-002
   178.10200000000015       0.16916411408661150        2.4414387628442107E-002
   178.70133333333348       0.13368519173702942        2.1684952620415445E-002
   179.30066666666681        3.5368882318939483E-002   1.1184397588099384E-002
