 -0.99999847691328769        393.73628097558151        11.144582484252329     
 -0.99333182040053247        412.40475008648457        11.439288514579470     
 -0.98666516388777725        383.29809029533715        11.066115106350933     
 -0.97999850737502203        382.72839532162703        11.091749526666410     
 -0.97333185086226681        391.84296829353190        11.256119022822618     
 -0.96666519434951159        402.45864303984030        11.456463112739659     
 -0.95999853783675637        408.40761780367376        11.564506629883972     
 -0.95333188132400115        405.60611848055015        11.555597691427034     
 -0.94666522481124593        382.33345652679083        11.258281785253670     
 -0.93999856829849071        406.28458753314300        11.646695702730060     
 -0.93333191178573549        372.70047732431590        11.182016235532242     
 -0.92666525527298027        402.09544480644786        11.648093699661697     
 -0.91999859876022505        384.28874744058032        11.431453203564239     
 -0.91333194224746983        393.43053145077528        11.595207386513319     
 -0.90666528573471461        375.99392126698035        11.379388304674741     
 -0.89999862922195939        406.16775267935219        11.851709398361447     
 -0.89333197270920417        390.46584090716351        11.656942593226631     
 -0.88666531619644895        385.44805202248926        11.627970329486985     
 -0.87999865968369373        404.72913220369315        11.943902387673011     
 -0.87333200317093851        388.26596908714623        11.739961257459926     
 -0.86666534665818329        379.65655694065060        11.647324865643744     
 -0.85999869014542807        398.04313715974547        11.953217105477963     
 -0.85333203363267285        409.31323815914618        12.159595009117227     
 -0.84666537711991763        368.62939369528817        11.581518505694273     
 -0.83999872060716241        385.79059511586149        11.875064724751304     
 -0.83333206409440719        392.48322610356456        12.018061424407252     
 -0.82666540758165197        372.80587316646336        11.753741517481144     
 -0.81999875106889675        378.77794973149776        11.882642179240715     
 -0.81333209455614153        377.76506900013999        11.898198561595967     
 -0.80666543804338631        378.63705127666481        11.949583823937305     
 -0.79999878153063109        393.48968653594409        12.223465389176454     
 -0.79333212501787587        400.48775516954436        12.362930672408504     
 -0.78666546850512065        389.55290964224383        12.226762849165452     
 -0.77999881199236543        398.62878819387902        12.425453188189680     
 -0.77333215547961021        396.31361881967212        12.432677107549766     
 -0.76666549896685499        365.82708084521283        11.960708164840247     
 -0.75999884245409977        372.74264871757123        12.108815050249918     
 -0.75333218594134455        405.31499668518182        12.658778406982872     
 -0.74666552942858933        384.49449435155668        12.372720267448633     
 -0.73999887291583410        386.63666357738191        12.448137191969318     
 -0.73333221640307888        383.60183252983086        12.428597436476357     
 -0.72666555989032366        390.30114447226134        12.572719555015505     
 -0.71999890337756844        406.85947573800274        12.885593440181298     
 -0.71333224686481322        384.92976906161869        12.564982332244275     
 -0.70666559035205800        379.13890596753578        12.504139170958355     
 -0.69999893383930278        386.69599583374855        12.663503676361357     
 -0.69333227732654756        395.62182174568261        12.858860627669825     
 -0.68666562081379234        394.09777913037556        12.891847074577518     
 -0.67999896430103712        378.37443049619833        12.639189138205808     
 -0.67333230778828190        390.24630269700856        12.870471827488528     
 -0.66666565127552668        398.42751601144397        13.047662869492326     
 -0.65999899476277146        399.07598458607623        13.090151694417919     
 -0.65333233825001624        393.20092495027365        13.046718446778913     
 -0.64666568173726102        363.18561668426361        12.562663461244666     
 -0.63999902522450580        379.58668744541768        12.883976311710772     
 -0.63333236871175058        402.43281306926121        13.301545232052728     
 -0.62666571219899536        369.16865783134671        12.777303116538409     
 -0.61999905568624014        378.61941038630908        12.972109315579285     
 -0.61333239917348492        367.28309120203352        12.812875800826054     
 -0.60666574266072970        386.76598625609239        13.189000901641457     
 -0.59999908614797448        377.62201207456536        13.062022534762683     
 -0.59333242963521926        362.87789566915166        12.841383918805391     
 -0.58666577312246404        384.35376498103511        13.262920423763878     
 -0.57999911660970882        391.67908479786234        13.411636900339376     
 -0.57333246009695360        372.28890519458218        13.116673590746377     
 -0.56666580358419838        360.19378525103559        12.935232224648466     
 -0.55999914707144316        383.06817809202528        13.371748883840253     
 -0.55333249055868794        388.41972337867463        13.500721909619557     
 -0.54666583404593272        380.22436276780036        13.404612813364214     
 -0.53999917753317750        384.33664630949352        13.515804879022433     
 -0.53333252102042228        389.62561211559785        13.634115567592071     
 -0.52666586450766706        369.46556054741330        13.311445167307877     
 -0.51999920799491184        402.13424015361102        13.918286753903928     
 -0.51333255148215662        364.43956027815551        13.296345644098480     
 -0.50666589496940140        404.92945670318579        14.040446214648426     
 -0.49999923845664612        361.46951553622694        13.304310597000368     
 -0.49333258194389085        392.80471191595893        13.900409661594702     
 -0.48666592543113557        361.89840807034022        13.374896969648423     
 -0.47999926891838030        374.73513381929536        13.644615052143370     
 -0.47333261240562502        413.09139768065677        14.358245362944837     
 -0.46666595589286974        377.53793191456157        13.765033250501052     
 -0.45999929938011447        352.99938114064213        13.342553113380999     
 -0.45333264286735919        394.31413317947596        14.142174191341882     
 -0.44666598635460392        392.50573992565518        14.132330752195225     
 -0.43999932984184864        373.71474754700216        13.821096352147896     
 -0.43333267332909337        368.78594892586455        13.762428816172410     
 -0.42666601681633809        380.83182220582677        14.016969922454281     
 -0.41999936030358281        384.36118116001296        14.118027661533620     
 -0.41333270379082754        375.30732118361306        13.995944611583981     
 -0.40666604727807226        381.93866300932939        14.134953814780516     
 -0.39999939076531699        376.89517219634132        14.084747237865274     
 -0.39333273425256171        376.95873240537037        14.116893025248325     
 -0.38666607773980644        377.77548277533083        14.157483459232932     
 -0.37999942122705116        389.77600504154299        14.395302516137587     
 -0.37333276471429588        382.83559501962873        14.296759896181960     
 -0.36666610820154061        382.55333044377414        14.326447692624919     
 -0.35999945168878533        382.71023752905285        14.372884285454322     
 -0.35333279517603006        372.02315970563274        14.194753781343948     
 -0.34666613866327478        400.76448257519553        14.760634003902988     
 -0.33999948215051951        379.24292673006022        14.375866125681865     
 -0.33333282563776423        388.54209741278095        14.602239504416030     
 -0.32666616912500895        365.04863884651400        14.158498320006837     
 -0.31999951261225368        385.54830572832736        14.572838730235539     
 -0.31333285609949840        391.97123519134612        14.720740123085985     
 -0.30666619958674313        371.27756704401088        14.378303432730881     
 -0.29999954307398785        344.00532546039267        13.877117417917200     
 -0.29333288656123258        375.61917697974008        14.502793358970035     
 -0.28666623004847730        390.19439097180015        14.791004170090581     
 -0.27999957353572202        374.30764727291921        14.528560211822938     
 -0.27333291702296675        377.69364597639395        14.615781863188582     
 -0.26666626051021147        413.41623296215704        15.299890831226257     
 -0.25999960399745620        401.49460430430611        15.099822180532932     
 -0.25333294748470092        395.70615711971999        15.010791235552871     
 -0.24666629097194567        390.50164017208738        14.943639772279200     
 -0.23999963445919043        382.90185113647539        14.817354081339952     
 -0.23333297794643518        366.93995680642053        14.531568633791146     
 -0.22666632143367993        370.35037272350871        14.609192095050462     
 -0.21999966492092468        410.09811354138486        15.390588636335851     
 -0.21333300840816943        370.22652999296230        14.650192091611640     
 -0.20666635189541419        370.36399506669176        14.678733659670547     
 -0.19999969538265894        383.70688876402335        14.950132703509791     
 -0.19333303886990369        374.35859070256635        14.778869495897100     
 -0.18666638235714844        366.40501131549348        14.673127275424891     
 -0.17999972584439319        395.31081287763470        15.228912938697023     
 -0.17333306933163795        360.63285217157988        14.571762345989272     
 -0.16666641281888270        404.35150867010026        15.428287690022643     
 -0.15999975630612745        382.56051974904932        15.020529643774960     
 -0.15333309979337220        386.84896085479772        15.141989250617886     
 -0.14666644328061695        359.68592106932584        14.593518813640292     
 -0.13999978676786171        374.29193730989959        14.917053464991005     
 -0.13333313025510646        386.31435574902423        15.156156568164635     
 -0.12666647374235121        369.37081756441478        14.827864598018719     
 -0.11999981722959596        351.16814336543433        14.477206761302680     
 -0.11333316071684071        369.12980631599322        14.842251767134758     
 -0.10666650420408547        371.40361416222402        14.921502916389521     
  -9.9999847691330218E-002   391.19269373339989        15.300286434979956     
  -9.3333191178574970E-002   366.42754339281214        14.854669203445937     
  -8.6666534665819722E-002   406.05162854667230        15.607801896802776     
  -7.9999878153064474E-002   346.34873267148203        14.427100793088982     
  -7.3333221640309226E-002   382.12177956575692        15.156722219194195     
  -6.6666565127553978E-002   415.41479909662689        15.804211189300807     
  -5.9999908614798730E-002   389.94505759316121        15.322332139082057     
  -5.3333252102043482E-002   391.41530691258464        15.356288617642653     
  -4.6666595589288234E-002   406.31683380054858        15.676251437209554     
  -3.9999939076532987E-002   376.10192924859803        15.073649564420760     
  -3.3333282563777739E-002   374.29240512533931        15.086493785245471     
  -2.6666626051022487E-002   383.80928271285228        15.235671067092351     
  -1.9999969538267236E-002   370.23218247284785        14.947415581124453     
  -1.3333313025511984E-002   395.02292166740426        15.438239078186015     
  -6.6666565127567329E-003   377.74155225124315        15.102868643383733     
  -1.4814538484841933E-015   357.54350413470490        14.702423773268103     
   6.6666565127537700E-003   398.22429790917306        15.503946298576860     
   1.3333313025509021E-002   401.66052242869984        15.566734344415698     
   1.9999969538264273E-002   424.35215467732388        16.016475768007687     
   2.6666626051019524E-002   362.74590936112190        14.791254955160868     
   3.3333282563774776E-002   395.61690229338569        15.449573374196198     
   3.9999939076530031E-002   401.12532866462647        15.545988426249179     
   4.6666595589285279E-002   390.22834503164290        15.333462303466680     
   5.3333252102040526E-002   378.77442053735763        15.095749041717403     
   5.9999908614795774E-002   380.67550927299436        15.135296577754955     
   6.6666565127551022E-002   363.51244389453109        14.810068600451697     
   7.3333221640306270E-002   358.75717531025811        14.714810354564296     
   7.9999878153061518E-002   376.55395040610642        15.031252427994898     
   8.6666534665816766E-002   385.89584093792257        15.210502116366683     
   9.3333191178572014E-002   388.30363861078860        15.246007886537230     
   9.9999847691327262E-002   381.83016372476965        15.109358938864709     
  0.10666650420408251        376.03696599307847        14.998574827428500     
  0.11333316071683776        353.10142651634857        14.507467975465213     
  0.11999981722959301        393.89228073663094        15.311969426471991     
  0.12666647374234827        380.36177781945361        15.039415380837937     
  0.13333313025510352        377.25693396488441        14.975572307155597     
  0.13999978676785876        375.16649714693955        14.904440232290641     
  0.14666644328061401        373.45586272405438        14.860063439822190     
  0.15333309979336926        389.29835418675094        15.179516162287458     
  0.15999975630612451        400.52306448751011        15.383805434958262     
  0.16666641281887976        353.04278477638724        14.407628884314910     
  0.17333306933163500        364.86110377508385        14.623177557384432     
  0.17999972584439025        342.11051378901345        14.152224638175488     
  0.18666638235714550        400.52616848549025        15.304705475849776     
  0.19333303886990075        392.19327299004254        15.120090131639913     
  0.19999969538265600        359.43635703798248        14.464208878348733     
  0.20666635189541124        357.70336291225135        14.394513063048928     
  0.21333300840816649        396.12015334927855        15.125300885763206     
  0.21999966492092174        387.64379530298868        14.955873672490897     
  0.22666632143367699        388.21119556960224        14.944259436872331     
  0.23333297794643224        372.05513794066650        14.619340642420070     
  0.23999963445918748        363.44182143058930        14.415791862195164     
  0.24666629097194273        394.67188562570266        14.993261262577656     
  0.25333294748469798        372.47504425078665        14.545860085496511     
  0.25999960399745325        390.59011118578542        14.870602492490802     
  0.26666626051020853        380.41577265544953        14.655114557492960     
  0.27333291702296381        375.18637585180835        14.562622269697714     
  0.27999957353571908        380.69806256659962        14.644069381221735     
  0.28666623004847436        380.89013832501774        14.586598160944565     
  0.29333288656122963        364.83047184126087        14.258253813529842     
  0.29999954307398491        385.39178688399215        14.630090757494200     
  0.30666619958674018        399.43389958565825        14.864560556530671     
  0.31333285609949546        386.89260236875754        14.602672480489465     
  0.31999951261225074        332.00072478446401        13.503799563534560     
  0.32666616912500601        365.19793816868355        14.142898469187216     
  0.33333282563776129        380.01530079962896        14.394737803275616     
  0.33999948215051656        390.15095164743087        14.580085708500137     
  0.34666613866327184        394.63043922901034        14.604667889844094     
  0.35333279517602711        377.91457577764442        14.263822609384963     
  0.35999945168878239        385.12548890793875        14.372187063245162     
  0.36666610820153767        366.79523094341266        13.995319451025587     
  0.37333276471429294        391.56781320394197        14.431797973166493     
  0.37999942122704822        376.00496156184357        14.111113111512283     
  0.38666607773980349        392.06828412732040        14.381620890977638     
  0.39333273425255877        417.63573753717594        14.825848467786320     
  0.39999939076531404        393.77445230757741        14.347439111973051     
  0.40666604727806932        395.36512161575376        14.357496703085685     
  0.41333270379082460        405.49280289132730        14.514921386568199     
  0.41999936030357987        390.03239654093352        14.182714223662064     
  0.42666601681633515        369.65898894310806        13.785340231499625     
  0.43333267332909042        349.66536707265459        13.390754823360702     
  0.43999932984184570        382.48735885926573        13.954819859168484     
  0.44666598635460097        359.95811804764571        13.508867622697840     
  0.45333264286735625        388.81584170554157        13.999476924347315     
  0.45999929938011153        377.33248927579285        13.757554821736379     
  0.46666595589286680        389.62068285143391        13.955796247123784     
  0.47333261240562208        373.68385447068090        13.624525132993213     
  0.47999926891837735        392.88819325799324        13.938534876943971     
  0.48666592543113263        395.52384987457759        13.944022258720725     
  0.49333258194388790        374.17531924649563        13.552061354060953     
  0.49999923845664318        369.68962458761240        13.442910694317217     
  0.50666589496939840        393.15688407599276        13.800279916032530     
  0.51333255148215362        370.42040083215420        13.398342505812547     
  0.51999920799490884        364.97936754550750        13.227796582707533     
  0.52666586450766406        365.42025008215808        13.200236794073302     
  0.53333252102041928        383.39935388511890        13.499658363484855     
  0.53999917753317450        395.09969619200587        13.658335910340456     
  0.54666583404592972        395.46915407091012        13.630167253419835     
  0.55333249055868494        365.32500470438464        13.068703688126332     
  0.55999914707144016        403.78579788002043        13.721192306388492     
  0.56666580358419538        392.06443905885698        13.472567099926902     
  0.57333246009695060        362.40379433411874        12.922632937112695     
  0.57999911660970582        402.23406060131856        13.558629866247525     
  0.58666577312246104        382.46166305379342        13.189740603095164     
  0.59333242963521626        390.65539206151698        13.290546362725861     
  0.59999908614797148        379.28145478678903        13.064429727253568     
  0.60666574266072670        398.80453271671593        13.351670898861963     
  0.61333239917348192        394.70392486605408        13.244326028045577     
  0.61999905568623714        395.29742533057475        13.219338954621861     
  0.62666571219899236        372.20449159432508        12.790167672000965     
  0.63333236871174758        381.29471438272259        12.912030956468328     
  0.63999902522450280        391.93743855797459        13.048331182872072     
  0.64666568173725802        393.56631516934453        13.044416073549362     
  0.65333233825001324        377.04173209430684        12.724024976740747     
  0.65999899476276846        371.45782272430029        12.600760406848416     
  0.66666565127552369        383.22987219150156        12.794058290135936     
  0.67333230778827891        366.55900562950745        12.441802939243075     
  0.67999896430103413        391.30013710990045        12.821175396905371     
  0.68666562081378935        393.03001971533496        12.808783042034992     
  0.69333227732654457        409.82634645941744        13.045677769635191     
  0.69999893383929979        382.60314204564440        12.583879777445045     
  0.70666559035205501        395.11848854751230        12.747822999271929     
  0.71333224686481023        382.21377613606444        12.489718121622628     
  0.71999890337756545        389.99056829897131        12.569282241944176     
  0.72666555989032067        379.85756265658921        12.379467778291087     
  0.73333221640307589        392.22939663357761        12.536861072401752     
  0.73999887291583111        382.07100263057856        12.333405022975162     
  0.74666552942858633        364.03142354861501        12.005874114131965     
  0.75333218594134155        376.57024961557175        12.168636103449657     
  0.75999884245409677        380.30215436056187        12.199665560359005     
  0.76666549896685199        400.68300633182810        12.477335474682651     
  0.77333215547960721        376.36123862112072        12.054542213676509     
  0.77999881199236243        377.43925864785706        12.039368541930100     
  0.78666546850511765        396.29795697825222        12.298764251244119     
  0.79333212501787287        376.83136699090926        11.952766774187358     
  0.79999878153062809        394.65589009217342        12.212218804062219     
  0.80666543804338331        385.46342210849815        12.015163580816010     
  0.81333209455613853        382.47744822734080        11.933783488560527     
  0.81999875106889375        399.40998027499575        12.161346608642225     
  0.82666540758164897        377.90933041948307        11.791244942243548     
  0.83333206409440419        372.58206216267433        11.670944115422726     
  0.83999872060715941        389.34554799561215        11.893912933525675     
  0.84666537711991463        397.45803915059292        11.979327192506721     
  0.85333203363266985        396.01306447818962        11.919407027539634     
  0.85999869014542507        389.85655749690932        11.793525894392252     
  0.86666534665818029        398.68543645887451        11.891624363285928     
  0.87333200317093551        377.76660296218165        11.540184150632998     
  0.87999865968369073        388.95295349896611        11.674919600828746     
  0.88666531619644595        394.72023941886619        11.720873745882267     
  0.89333197270920117        394.25233339691965        11.686167035561223     
  0.89999862922195639        396.79722420735231        11.679086458553886     
  0.90666528573471161        418.06755263608142        11.949860794000250     
  0.91333194224746683        393.44284346771985        11.560150692424790     
  0.91999859876022205        389.89549357056723        11.475922944835263     
  0.92666525527297727        416.72644515964964        11.828818097821751     
  0.93333191178573249        397.33606708887783        11.510214165690646     
  0.93999856829848771        369.83227333376476        11.075844137818178     
  0.94666522481124293        410.64000633663716        11.627742393925763     
  0.95333188132399815        394.62363837358458        11.364447330680123     
  0.95999853783675337        413.73216306715892        11.603055369713958     
  0.96666519434950859        387.87494608158494        11.198262573983138     
  0.97333185086226381        397.83314999039601        11.306374762005495     
  0.97999850737501903        409.57849058983419        11.445679352093821     
  0.98666516388777425        391.39402850391025        11.146126273473982     
  0.99333182040052947        406.72470927837577        11.330258684768166     
