   9.4467963694067905        0.0000000000000000        0.0000000000000000     
   9.4468864027401231        0.0000000000000000        0.0000000000000000     
   9.4469764360734558        0.0000000000000000        0.0000000000000000     
   9.4470664694067885        0.0000000000000000        0.0000000000000000     
   9.4471565027401212        0.0000000000000000        0.0000000000000000     
   9.4472465360734539        0.0000000000000000        0.0000000000000000     
   9.4473365694067866        0.0000000000000000        0.0000000000000000     
   9.4474266027401193        0.0000000000000000        0.0000000000000000     
   9.4475166360734519        0.0000000000000000        0.0000000000000000     
   9.4476066694067846        0.0000000000000000        0.0000000000000000     
   9.4476967027401173        0.0000000000000000        0.0000000000000000     
   9.4477867360734500        0.0000000000000000        0.0000000000000000     
   9.4478767694067827        0.0000000000000000        0.0000000000000000     
   9.4479668027401154        0.0000000000000000        0.0000000000000000     
   9.4480568360734480        0.0000000000000000        0.0000000000000000     
   9.4481468694067807        0.0000000000000000        0.0000000000000000     
   9.4482369027401134        0.0000000000000000        0.0000000000000000     
   9.4483269360734461        0.0000000000000000        0.0000000000000000     
   9.4484169694067788        0.0000000000000000        0.0000000000000000     
   9.4485070027401115        0.0000000000000000        0.0000000000000000     
   9.4485970360734441        0.0000000000000000        0.0000000000000000     
   9.4486870694067768        0.0000000000000000        0.0000000000000000     
   9.4487771027401095        0.0000000000000000        0.0000000000000000     
   9.4488671360734422        0.0000000000000000        0.0000000000000000     
   9.4489571694067749        0.0000000000000000        0.0000000000000000     
   9.4490472027401076        0.0000000000000000        0.0000000000000000     
   9.4491372360734402        0.0000000000000000        0.0000000000000000     
   9.4492272694067729        0.0000000000000000        0.0000000000000000     
   9.4493173027401056        0.0000000000000000        0.0000000000000000     
   9.4494073360734383        0.0000000000000000        0.0000000000000000     
   9.4494973694067710        0.0000000000000000        0.0000000000000000     
   9.4495874027401037        0.0000000000000000        0.0000000000000000     
   9.4496774360734364        0.0000000000000000        0.0000000000000000     
   9.4497674694067690        0.0000000000000000        0.0000000000000000     
   9.4498575027401017        0.0000000000000000        0.0000000000000000     
   9.4499475360734344        0.0000000000000000        0.0000000000000000     
   9.4500375694067671        0.0000000000000000        0.0000000000000000     
   9.4501276027400998        0.0000000000000000        0.0000000000000000     
   9.4502176360734325        0.0000000000000000        0.0000000000000000     
   9.4503076694067651        0.0000000000000000        0.0000000000000000     
   9.4503977027400978        0.0000000000000000        0.0000000000000000     
   9.4504877360734305        0.0000000000000000        0.0000000000000000     
   9.4505777694067632        0.0000000000000000        0.0000000000000000     
   9.4506678027400959        0.0000000000000000        0.0000000000000000     
   9.4507578360734286        0.0000000000000000        0.0000000000000000     
   9.4508478694067612        0.0000000000000000        0.0000000000000000     
   9.4509379027400939        0.0000000000000000        0.0000000000000000     
   9.4510279360734266        0.0000000000000000        0.0000000000000000     
   9.4511179694067593        0.0000000000000000        0.0000000000000000     
   9.4512080027400920        0.0000000000000000        0.0000000000000000     
   9.4512980360734247        0.0000000000000000        0.0000000000000000     
   9.4513880694067574        0.0000000000000000        0.0000000000000000     
   9.4514781027400900        0.0000000000000000        0.0000000000000000     
   9.4515681360734227        0.0000000000000000        0.0000000000000000     
   9.4516581694067554        0.0000000000000000        0.0000000000000000     
   9.4517482027400881        0.0000000000000000        0.0000000000000000     
   9.4518382360734208        0.0000000000000000        0.0000000000000000     
   9.4519282694067535        0.0000000000000000        0.0000000000000000     
   9.4520183027400861        0.0000000000000000        0.0000000000000000     
   9.4521083360734188        0.0000000000000000        0.0000000000000000     
   9.4521983694067515        0.0000000000000000        0.0000000000000000     
   9.4522884027400842        0.0000000000000000        0.0000000000000000     
   9.4523784360734169        0.0000000000000000        0.0000000000000000     
   9.4524684694067496        0.0000000000000000        0.0000000000000000     
   9.4525585027400822        0.0000000000000000        0.0000000000000000     
   9.4526485360734149        0.0000000000000000        0.0000000000000000     
   9.4527385694067476        0.0000000000000000        0.0000000000000000     
   9.4528286027400803        0.0000000000000000        0.0000000000000000     
   9.4529186360734130        0.0000000000000000        0.0000000000000000     
   9.4530086694067457        0.0000000000000000        0.0000000000000000     
   9.4530987027400784        0.0000000000000000        0.0000000000000000     
   9.4531887360734110        0.0000000000000000        0.0000000000000000     
   9.4532787694067437        0.0000000000000000        0.0000000000000000     
   9.4533688027400764        0.0000000000000000        0.0000000000000000     
   9.4534588360734091        0.0000000000000000        0.0000000000000000     
   9.4535488694067418        0.0000000000000000        0.0000000000000000     
   9.4536389027400745        0.0000000000000000        0.0000000000000000     
   9.4537289360734071        0.0000000000000000        0.0000000000000000     
   9.4538189694067398        0.0000000000000000        0.0000000000000000     
   9.4539090027400725        0.0000000000000000        0.0000000000000000     
   9.4539990360734052        0.0000000000000000        0.0000000000000000     
   9.4540890694067379        0.0000000000000000        0.0000000000000000     
   9.4541791027400706        0.0000000000000000        0.0000000000000000     
   9.4542691360734032        0.0000000000000000        0.0000000000000000     
   9.4543591694067359        0.0000000000000000        0.0000000000000000     
   9.4544492027400686        0.0000000000000000        0.0000000000000000     
   9.4545392360734013        0.0000000000000000        0.0000000000000000     
   9.4546292694067340        0.0000000000000000        0.0000000000000000     
   9.4547193027400667        0.0000000000000000        0.0000000000000000     
   9.4548093360733994        0.0000000000000000        0.0000000000000000     
   9.4548993694067320        0.0000000000000000        0.0000000000000000     
   9.4549894027400647        0.0000000000000000        0.0000000000000000     
   9.4550794360733974        0.0000000000000000        0.0000000000000000     
   9.4551694694067301        0.0000000000000000        0.0000000000000000     
   9.4552595027400628        0.0000000000000000        0.0000000000000000     
   9.4553495360733955        0.0000000000000000        0.0000000000000000     
   9.4554395694067281        0.0000000000000000        0.0000000000000000     
   9.4555296027400608        0.0000000000000000        0.0000000000000000     
   9.4556196360733935        0.0000000000000000        0.0000000000000000     
   9.4557096694067262        0.0000000000000000        0.0000000000000000     
   9.4557997027400589        0.0000000000000000        0.0000000000000000     
   9.4558897360733916        0.0000000000000000        0.0000000000000000     
   9.4559797694067242        0.0000000000000000        0.0000000000000000     
   9.4560698027400569        0.0000000000000000        0.0000000000000000     
   9.4561598360733896        0.0000000000000000        0.0000000000000000     
   9.4562498694067223        0.0000000000000000        0.0000000000000000     
   9.4563399027400550        0.0000000000000000        0.0000000000000000     
   9.4564299360733877        0.0000000000000000        0.0000000000000000     
   9.4565199694067203        0.0000000000000000        0.0000000000000000     
   9.4566100027400530        0.0000000000000000        0.0000000000000000     
   9.4567000360733857        0.0000000000000000        0.0000000000000000     
   9.4567900694067184        0.0000000000000000        0.0000000000000000     
   9.4568801027400511        0.0000000000000000        0.0000000000000000     
   9.4569701360733838        0.0000000000000000        0.0000000000000000     
   9.4570601694067165        0.0000000000000000        0.0000000000000000     
   9.4571502027400491        0.0000000000000000        0.0000000000000000     
   9.4572402360733818        0.0000000000000000        0.0000000000000000     
   9.4573302694067145        0.0000000000000000        0.0000000000000000     
   9.4574203027400472        0.0000000000000000        0.0000000000000000     
   9.4575103360733799        0.0000000000000000        0.0000000000000000     
   9.4576003694067126        0.0000000000000000        0.0000000000000000     
   9.4576904027400452        0.0000000000000000        0.0000000000000000     
   9.4577804360733779        0.0000000000000000        0.0000000000000000     
   9.4578704694067106        0.0000000000000000        0.0000000000000000     
   9.4579605027400433        0.0000000000000000        0.0000000000000000     
   9.4580505360733760        0.0000000000000000        0.0000000000000000     
   9.4581405694067087        0.0000000000000000        0.0000000000000000     
   9.4582306027400413        0.0000000000000000        0.0000000000000000     
   9.4583206360733740        0.0000000000000000        0.0000000000000000     
   9.4584106694067067        0.0000000000000000        0.0000000000000000     
   9.4585007027400394        0.0000000000000000        0.0000000000000000     
   9.4585907360733721        0.0000000000000000        0.0000000000000000     
   9.4586807694067048        0.0000000000000000        0.0000000000000000     
   9.4587708027400375        0.0000000000000000        0.0000000000000000     
   9.4588608360733701        0.0000000000000000        0.0000000000000000     
   9.4589508694067028        0.0000000000000000        0.0000000000000000     
   9.4590409027400355        0.0000000000000000        0.0000000000000000     
   9.4591309360733682        0.0000000000000000        0.0000000000000000     
   9.4592209694067009        0.0000000000000000        0.0000000000000000     
   9.4593110027400336        0.0000000000000000        0.0000000000000000     
   9.4594010360733662        0.0000000000000000        0.0000000000000000     
   9.4594910694066989        0.0000000000000000        0.0000000000000000     
   9.4595811027400316        0.0000000000000000        0.0000000000000000     
   9.4596711360733643        0.0000000000000000        0.0000000000000000     
   9.4597611694066970        0.0000000000000000        0.0000000000000000     
   9.4598512027400297        0.0000000000000000        0.0000000000000000     
   9.4599412360733623        0.0000000000000000        0.0000000000000000     
   9.4600312694066950        0.0000000000000000        0.0000000000000000     
   9.4601213027400277        0.0000000000000000        0.0000000000000000     
   9.4602113360733604        0.0000000000000000        0.0000000000000000     
   9.4603013694066931        0.0000000000000000        0.0000000000000000     
   9.4603914027400258        0.0000000000000000        0.0000000000000000     
   9.4604814360733585        0.0000000000000000        0.0000000000000000     
   9.4605714694066911        0.0000000000000000        0.0000000000000000     
   9.4606615027400238        0.0000000000000000        0.0000000000000000     
   9.4607515360733565        0.0000000000000000        0.0000000000000000     
   9.4608415694066892        0.0000000000000000        0.0000000000000000     
   9.4609316027400219        0.0000000000000000        0.0000000000000000     
   9.4610216360733546        0.0000000000000000        0.0000000000000000     
   9.4611116694066872        0.0000000000000000        0.0000000000000000     
   9.4612017027400199        0.0000000000000000        0.0000000000000000     
   9.4612917360733526        0.0000000000000000        0.0000000000000000     
   9.4613817694066853        0.0000000000000000        0.0000000000000000     
   9.4614718027400180        0.0000000000000000        0.0000000000000000     
   9.4615618360733507        0.0000000000000000        0.0000000000000000     
   9.4616518694066833        0.0000000000000000        0.0000000000000000     
   9.4617419027400160        0.0000000000000000        0.0000000000000000     
   9.4618319360733487        0.0000000000000000        0.0000000000000000     
   9.4619219694066814        0.0000000000000000        0.0000000000000000     
   9.4620120027400141        0.0000000000000000        0.0000000000000000     
   9.4621020360733468        0.0000000000000000        0.0000000000000000     
   9.4621920694066795        0.0000000000000000        0.0000000000000000     
   9.4622821027400121        0.0000000000000000        0.0000000000000000     
   9.4623721360733448        0.0000000000000000        0.0000000000000000     
   9.4624621694066775        0.0000000000000000        0.0000000000000000     
   9.4625522027400102        0.0000000000000000        0.0000000000000000     
   9.4626422360733429        0.0000000000000000        0.0000000000000000     
   9.4627322694066756        0.0000000000000000        0.0000000000000000     
   9.4628223027400082        0.0000000000000000        0.0000000000000000     
   9.4629123360733409        0.0000000000000000        0.0000000000000000     
   9.4630023694066736        0.0000000000000000        0.0000000000000000     
   9.4630924027400063        0.0000000000000000        0.0000000000000000     
   9.4631824360733390        0.0000000000000000        0.0000000000000000     
   9.4632724694066717        0.0000000000000000        0.0000000000000000     
   9.4633625027400043        0.0000000000000000        0.0000000000000000     
   9.4634525360733370        0.0000000000000000        0.0000000000000000     
   9.4635425694066697        0.0000000000000000        0.0000000000000000     
   9.4636326027400024        0.0000000000000000        0.0000000000000000     
   9.4637226360733351        0.0000000000000000        0.0000000000000000     
   9.4638126694066678        0.0000000000000000        0.0000000000000000     
   9.4639027027400004        0.0000000000000000        0.0000000000000000     
   9.4639927360733331        0.0000000000000000        0.0000000000000000     
   9.4640827694066658        0.0000000000000000        0.0000000000000000     
   9.4641728027399985        0.0000000000000000        0.0000000000000000     
   9.4642628360733312        0.0000000000000000        0.0000000000000000     
   9.4643528694066639        0.0000000000000000        0.0000000000000000     
   9.4644429027399966        0.0000000000000000        0.0000000000000000     
   9.4645329360733292        0.0000000000000000        0.0000000000000000     
   9.4646229694066619        0.0000000000000000        0.0000000000000000     
   9.4647130027399946        0.0000000000000000        0.0000000000000000     
   9.4648030360733273        0.0000000000000000        0.0000000000000000     
   9.4648930694066600        0.0000000000000000        0.0000000000000000     
   9.4649831027399927        0.0000000000000000        0.0000000000000000     
   9.4650731360733253        0.0000000000000000        0.0000000000000000     
   9.4651631694066580        0.0000000000000000        0.0000000000000000     
   9.4652532027399907        0.0000000000000000        0.0000000000000000     
   9.4653432360733234        0.0000000000000000        0.0000000000000000     
   9.4654332694066561        0.0000000000000000        0.0000000000000000     
   9.4655233027399888        0.0000000000000000        0.0000000000000000     
   9.4656133360733214        0.0000000000000000        0.0000000000000000     
   9.4657033694066541        0.0000000000000000        0.0000000000000000     
   9.4657934027399868        0.0000000000000000        0.0000000000000000     
   9.4658834360733195        0.0000000000000000        0.0000000000000000     
   9.4659734694066522        0.0000000000000000        0.0000000000000000     
   9.4660635027399849        0.0000000000000000        0.0000000000000000     
   9.4661535360733176        0.0000000000000000        0.0000000000000000     
   9.4662435694066502        0.0000000000000000        0.0000000000000000     
   9.4663336027399829        0.0000000000000000        0.0000000000000000     
   9.4664236360733156        0.0000000000000000        0.0000000000000000     
   9.4665136694066483        0.0000000000000000        0.0000000000000000     
   9.4666037027399810        0.0000000000000000        0.0000000000000000     
   9.4666937360733137        0.0000000000000000        0.0000000000000000     
   9.4667837694066463        0.0000000000000000        0.0000000000000000     
   9.4668738027399790        0.0000000000000000        0.0000000000000000     
   9.4669638360733117        0.0000000000000000        0.0000000000000000     
   9.4670538694066444        0.0000000000000000        0.0000000000000000     
   9.4671439027399771        0.0000000000000000        0.0000000000000000     
   9.4672339360733098        0.0000000000000000        0.0000000000000000     
   9.4673239694066424        0.0000000000000000        0.0000000000000000     
   9.4674140027399751        0.0000000000000000        0.0000000000000000     
   9.4675040360733078        0.0000000000000000        0.0000000000000000     
   9.4675940694066405        0.0000000000000000        0.0000000000000000     
   9.4676841027399732        0.0000000000000000        0.0000000000000000     
   9.4677741360733059        0.0000000000000000        0.0000000000000000     
   9.4678641694066386        0.0000000000000000        0.0000000000000000     
   9.4679542027399712        0.0000000000000000        0.0000000000000000     
   9.4680442360733039        0.0000000000000000        0.0000000000000000     
   9.4681342694066366        0.0000000000000000        0.0000000000000000     
   9.4682243027399693        0.0000000000000000        0.0000000000000000     
   9.4683143360733020        0.0000000000000000        0.0000000000000000     
   9.4684043694066347        0.0000000000000000        0.0000000000000000     
   9.4684944027399673        0.0000000000000000        0.0000000000000000     
   9.4685844360733000        0.0000000000000000        0.0000000000000000     
   9.4686744694066327        0.0000000000000000        0.0000000000000000     
   9.4687645027399654        0.0000000000000000        0.0000000000000000     
   9.4688545360732981        0.0000000000000000        0.0000000000000000     
   9.4689445694066308        0.0000000000000000        0.0000000000000000     
   9.4690346027399634        0.0000000000000000        0.0000000000000000     
   9.4691246360732961        0.0000000000000000        0.0000000000000000     
   9.4692146694066288        0.0000000000000000        0.0000000000000000     
   9.4693047027399615        0.0000000000000000        0.0000000000000000     
   9.4693947360732942        0.0000000000000000        0.0000000000000000     
   9.4694847694066269        0.0000000000000000        0.0000000000000000     
   9.4695748027399596        0.0000000000000000        0.0000000000000000     
   9.4696648360732922        0.0000000000000000        0.0000000000000000     
   9.4697548694066249        0.0000000000000000        0.0000000000000000     
   9.4698449027399576        0.0000000000000000        0.0000000000000000     
   9.4699349360732903        0.0000000000000000        0.0000000000000000     
   9.4700249694066230        0.0000000000000000        0.0000000000000000     
   9.4701150027399557        0.0000000000000000        0.0000000000000000     
   9.4702050360732883        0.0000000000000000        0.0000000000000000     
   9.4702950694066210        0.0000000000000000        0.0000000000000000     
   9.4703851027399537        0.0000000000000000        0.0000000000000000     
   9.4704751360732864        0.0000000000000000        0.0000000000000000     
   9.4705651694066191        0.0000000000000000        0.0000000000000000     
   9.4706552027399518        0.0000000000000000        0.0000000000000000     
   9.4707452360732844        0.0000000000000000        0.0000000000000000     
   9.4708352694066171        0.0000000000000000        0.0000000000000000     
   9.4709253027399498        0.0000000000000000        0.0000000000000000     
   9.4710153360732825        0.0000000000000000        0.0000000000000000     
   9.4711053694066152        0.0000000000000000        0.0000000000000000     
   9.4711954027399479        0.0000000000000000        0.0000000000000000     
   9.4712854360732806        0.0000000000000000        0.0000000000000000     
   9.4713754694066132        0.0000000000000000        0.0000000000000000     
   9.4714655027399459        0.0000000000000000        0.0000000000000000     
   9.4715555360732786        0.0000000000000000        0.0000000000000000     
   9.4716455694066113        0.0000000000000000        0.0000000000000000     
   9.4717356027399440        0.0000000000000000        0.0000000000000000     
   9.4718256360732767        0.0000000000000000        0.0000000000000000     
   9.4719156694066093        0.0000000000000000        0.0000000000000000     
   9.4720057027399420        0.0000000000000000        0.0000000000000000     
   9.4720957360732747        0.0000000000000000        0.0000000000000000     
   9.4721857694066074        0.0000000000000000        0.0000000000000000     
   9.4722758027399401        0.0000000000000000        0.0000000000000000     
   9.4723658360732728        0.0000000000000000        0.0000000000000000     
   9.4724558694066054        0.0000000000000000        0.0000000000000000     
   9.4725459027399381        0.0000000000000000        0.0000000000000000     
   9.4726359360732708        0.0000000000000000        0.0000000000000000     
   9.4727259694066035        0.0000000000000000        0.0000000000000000     
   9.4728160027399362        0.0000000000000000        0.0000000000000000     
   9.4729060360732689        0.0000000000000000        0.0000000000000000     
   9.4729960694066015        0.0000000000000000        0.0000000000000000     
   9.4730861027399342        0.0000000000000000        0.0000000000000000     
   9.4731761360732669        0.0000000000000000        0.0000000000000000     
   9.4732661694065996        0.0000000000000000        0.0000000000000000     
   9.4733562027399323        0.0000000000000000        0.0000000000000000     
   9.4734462360732650        0.0000000000000000        0.0000000000000000     
   9.4735362694065977        0.0000000000000000        0.0000000000000000     
   9.4736263027399303        0.0000000000000000        0.0000000000000000     
   9.4737163360732630        0.0000000000000000        0.0000000000000000     
