  -1.0000000000000000E-002   0.0000000000000000        0.0000000000000000     
  -9.5650000000000006E-003   0.0000000000000000        0.0000000000000000     
  -9.1300000000000010E-003   0.0000000000000000        0.0000000000000000     
  -8.6950000000000013E-003   0.0000000000000000        0.0000000000000000     
  -8.2600000000000017E-003   0.0000000000000000        0.0000000000000000     
  -7.8250000000000021E-003   0.0000000000000000        0.0000000000000000     
  -7.3900000000000025E-003   0.0000000000000000        0.0000000000000000     
  -6.9550000000000028E-003   0.0000000000000000        0.0000000000000000     
  -6.5200000000000032E-003   0.0000000000000000        0.0000000000000000     
  -6.0850000000000036E-003   0.0000000000000000        0.0000000000000000     
  -5.6500000000000040E-003   0.0000000000000000        0.0000000000000000     
  -5.2150000000000044E-003   0.0000000000000000        0.0000000000000000     
  -4.7800000000000047E-003   0.0000000000000000        0.0000000000000000     
  -4.3450000000000051E-003   0.0000000000000000        0.0000000000000000     
  -3.9100000000000055E-003   0.0000000000000000        0.0000000000000000     
  -3.4750000000000054E-003   0.0000000000000000        0.0000000000000000     
  -3.0400000000000054E-003   0.0000000000000000        0.0000000000000000     
  -2.6050000000000053E-003   0.0000000000000000        0.0000000000000000     
  -2.1700000000000053E-003   0.0000000000000000        0.0000000000000000     
  -1.7350000000000052E-003   0.0000000000000000        0.0000000000000000     
  -1.3000000000000051E-003   0.0000000000000000        0.0000000000000000     
  -8.6500000000000509E-004   0.0000000000000000        0.0000000000000000     
  -4.3000000000000503E-004   0.0000000000000000        0.0000000000000000     
   4.9999999999950258E-006   0.0000000000000000        0.0000000000000000     
   4.3999999999999508E-004   0.0000000000000000        0.0000000000000000     
   8.7499999999999514E-004   0.0000000000000000        0.0000000000000000     
   1.3099999999999952E-003   0.0000000000000000        0.0000000000000000     
   1.7449999999999953E-003   0.0000000000000000        0.0000000000000000     
   2.1799999999999953E-003   0.0000000000000000        0.0000000000000000     
   2.6149999999999954E-003   0.0000000000000000        0.0000000000000000     
   3.0499999999999954E-003   0.0000000000000000        0.0000000000000000     
   3.4849999999999955E-003   0.0000000000000000        0.0000000000000000     
   3.9199999999999955E-003   0.0000000000000000        0.0000000000000000     
   4.3549999999999960E-003   0.0000000000000000        0.0000000000000000     
   4.7899999999999957E-003   0.0000000000000000        0.0000000000000000     
   5.2249999999999953E-003   0.0000000000000000        0.0000000000000000     
   5.6599999999999949E-003   0.0000000000000000        0.0000000000000000     
   6.0949999999999945E-003   0.0000000000000000        0.0000000000000000     
   6.5299999999999941E-003   0.0000000000000000        0.0000000000000000     
   6.9649999999999938E-003   0.0000000000000000        0.0000000000000000     
   7.3999999999999934E-003   0.0000000000000000        0.0000000000000000     
   7.8349999999999930E-003   0.0000000000000000        0.0000000000000000     
   8.2699999999999926E-003   0.0000000000000000        0.0000000000000000     
   8.7049999999999923E-003   0.0000000000000000        0.0000000000000000     
   9.1399999999999919E-003   0.0000000000000000        0.0000000000000000     
   9.5749999999999915E-003   0.0000000000000000        0.0000000000000000     
   1.0009999999999991E-002   0.0000000000000000        0.0000000000000000     
   1.0444999999999991E-002   0.0000000000000000        0.0000000000000000     
   1.0879999999999990E-002   0.0000000000000000        0.0000000000000000     
   1.1314999999999990E-002   0.0000000000000000        0.0000000000000000     
   1.1749999999999990E-002   0.0000000000000000        0.0000000000000000     
   1.2184999999999989E-002   0.0000000000000000        0.0000000000000000     
   1.2619999999999989E-002   0.0000000000000000        0.0000000000000000     
   1.3054999999999988E-002   0.0000000000000000        0.0000000000000000     
   1.3489999999999988E-002   0.0000000000000000        0.0000000000000000     
   1.3924999999999988E-002   0.0000000000000000        0.0000000000000000     
   1.4359999999999987E-002   0.0000000000000000        0.0000000000000000     
   1.4794999999999987E-002   0.0000000000000000        0.0000000000000000     
   1.5229999999999987E-002   0.0000000000000000        0.0000000000000000     
   1.5664999999999988E-002   0.0000000000000000        0.0000000000000000     
   1.6099999999999989E-002   0.0000000000000000        0.0000000000000000     
   1.6534999999999991E-002   0.0000000000000000        0.0000000000000000     
   1.6969999999999992E-002   0.0000000000000000        0.0000000000000000     
   1.7404999999999993E-002   0.0000000000000000        0.0000000000000000     
   1.7839999999999995E-002   0.0000000000000000        0.0000000000000000     
   1.8274999999999996E-002   0.0000000000000000        0.0000000000000000     
   1.8709999999999997E-002   0.0000000000000000        0.0000000000000000     
   1.9144999999999999E-002   0.0000000000000000        0.0000000000000000     
   1.9580000000000000E-002   0.0000000000000000        0.0000000000000000     
   2.0015000000000002E-002   0.0000000000000000        0.0000000000000000     
   2.0450000000000003E-002   0.0000000000000000        0.0000000000000000     
   2.0885000000000004E-002   0.0000000000000000        0.0000000000000000     
   2.1320000000000006E-002   0.0000000000000000        0.0000000000000000     
   2.1755000000000007E-002   0.0000000000000000        0.0000000000000000     
   2.2190000000000008E-002   0.0000000000000000        0.0000000000000000     
   2.2625000000000010E-002   0.0000000000000000        0.0000000000000000     
   2.3060000000000011E-002   0.0000000000000000        0.0000000000000000     
   2.3495000000000012E-002   0.0000000000000000        0.0000000000000000     
   2.3930000000000014E-002   0.0000000000000000        0.0000000000000000     
   2.4365000000000015E-002   0.0000000000000000        0.0000000000000000     
   2.4800000000000016E-002   0.0000000000000000        0.0000000000000000     
   2.5235000000000018E-002   0.0000000000000000        0.0000000000000000     
   2.5670000000000019E-002   0.0000000000000000        0.0000000000000000     
   2.6105000000000021E-002   0.0000000000000000        0.0000000000000000     
   2.6540000000000022E-002   0.0000000000000000        0.0000000000000000     
   2.6975000000000023E-002   0.0000000000000000        0.0000000000000000     
   2.7410000000000025E-002   0.0000000000000000        0.0000000000000000     
   2.7845000000000026E-002   0.0000000000000000        0.0000000000000000     
   2.8280000000000027E-002   0.0000000000000000        0.0000000000000000     
   2.8715000000000029E-002   0.0000000000000000        0.0000000000000000     
   2.9150000000000030E-002   0.0000000000000000        0.0000000000000000     
   2.9585000000000031E-002   0.0000000000000000        0.0000000000000000     
   3.0020000000000033E-002   0.0000000000000000        0.0000000000000000     
   3.0455000000000034E-002   0.0000000000000000        0.0000000000000000     
   3.0890000000000035E-002   0.0000000000000000        0.0000000000000000     
   3.1325000000000033E-002   0.0000000000000000        0.0000000000000000     
   3.1760000000000031E-002   0.0000000000000000        0.0000000000000000     
   3.2195000000000029E-002   0.0000000000000000        0.0000000000000000     
   3.2630000000000027E-002   0.0000000000000000        0.0000000000000000     
   3.3065000000000025E-002   0.0000000000000000        0.0000000000000000     
   3.3500000000000023E-002   0.0000000000000000        0.0000000000000000     
   3.3935000000000021E-002   0.0000000000000000        0.0000000000000000     
   3.4370000000000019E-002   0.0000000000000000        0.0000000000000000     
   3.4805000000000016E-002   0.0000000000000000        0.0000000000000000     
   3.5240000000000014E-002   0.0000000000000000        0.0000000000000000     
   3.5675000000000012E-002   0.0000000000000000        0.0000000000000000     
   3.6110000000000010E-002   0.0000000000000000        0.0000000000000000     
   3.6545000000000008E-002   0.0000000000000000        0.0000000000000000     
   3.6980000000000006E-002   0.0000000000000000        0.0000000000000000     
   3.7415000000000004E-002   0.0000000000000000        0.0000000000000000     
   3.7850000000000002E-002   0.0000000000000000        0.0000000000000000     
   3.8285000000000000E-002   0.0000000000000000        0.0000000000000000     
   3.8719999999999997E-002   0.0000000000000000        0.0000000000000000     
   3.9154999999999995E-002   0.0000000000000000        0.0000000000000000     
   3.9589999999999993E-002   0.0000000000000000        0.0000000000000000     
   4.0024999999999991E-002   0.0000000000000000        0.0000000000000000     
   4.0459999999999989E-002   0.0000000000000000        0.0000000000000000     
   4.0894999999999987E-002   0.0000000000000000        0.0000000000000000     
   4.1329999999999985E-002   0.0000000000000000        0.0000000000000000     
   4.1764999999999983E-002   0.0000000000000000        0.0000000000000000     
   4.2199999999999981E-002   0.0000000000000000        0.0000000000000000     
   4.2634999999999978E-002   0.0000000000000000        0.0000000000000000     
   4.3069999999999976E-002   0.0000000000000000        0.0000000000000000     
   4.3504999999999974E-002   0.0000000000000000        0.0000000000000000     
   4.3939999999999972E-002   0.0000000000000000        0.0000000000000000     
   4.4374999999999970E-002   0.0000000000000000        0.0000000000000000     
   4.4809999999999968E-002   0.0000000000000000        0.0000000000000000     
   4.5244999999999966E-002   0.0000000000000000        0.0000000000000000     
   4.5679999999999964E-002   0.0000000000000000        0.0000000000000000     
   4.6114999999999962E-002   0.0000000000000000        0.0000000000000000     
   4.6549999999999959E-002   0.0000000000000000        0.0000000000000000     
   4.6984999999999957E-002   0.0000000000000000        0.0000000000000000     
   4.7419999999999955E-002   0.0000000000000000        0.0000000000000000     
   4.7854999999999953E-002   0.0000000000000000        0.0000000000000000     
   4.8289999999999951E-002   0.0000000000000000        0.0000000000000000     
   4.8724999999999949E-002   0.0000000000000000        0.0000000000000000     
   4.9159999999999947E-002   0.0000000000000000        0.0000000000000000     
   4.9594999999999945E-002   0.0000000000000000        0.0000000000000000     
   5.0029999999999943E-002   0.0000000000000000        0.0000000000000000     
   5.0464999999999940E-002   0.0000000000000000        0.0000000000000000     
   5.0899999999999938E-002   0.0000000000000000        0.0000000000000000     
   5.1334999999999936E-002   0.0000000000000000        0.0000000000000000     
   5.1769999999999934E-002   0.0000000000000000        0.0000000000000000     
   5.2204999999999932E-002   0.0000000000000000        0.0000000000000000     
   5.2639999999999930E-002   0.0000000000000000        0.0000000000000000     
   5.3074999999999928E-002   0.0000000000000000        0.0000000000000000     
   5.3509999999999926E-002   0.0000000000000000        0.0000000000000000     
   5.3944999999999924E-002   0.0000000000000000        0.0000000000000000     
   5.4379999999999921E-002   0.0000000000000000        0.0000000000000000     
   5.4814999999999919E-002   0.0000000000000000        0.0000000000000000     
   5.5249999999999917E-002   0.0000000000000000        0.0000000000000000     
   5.5684999999999915E-002   0.0000000000000000        0.0000000000000000     
   5.6119999999999913E-002   0.0000000000000000        0.0000000000000000     
   5.6554999999999911E-002   0.0000000000000000        0.0000000000000000     
   5.6989999999999909E-002   0.0000000000000000        0.0000000000000000     
   5.7424999999999907E-002   0.0000000000000000        0.0000000000000000     
   5.7859999999999905E-002   0.0000000000000000        0.0000000000000000     
   5.8294999999999902E-002   0.0000000000000000        0.0000000000000000     
   5.8729999999999900E-002   0.0000000000000000        0.0000000000000000     
   5.9164999999999898E-002   0.0000000000000000        0.0000000000000000     
   5.9599999999999896E-002   0.0000000000000000        0.0000000000000000     
   6.0034999999999894E-002   0.0000000000000000        0.0000000000000000     
   6.0469999999999892E-002   0.0000000000000000        0.0000000000000000     
   6.0904999999999890E-002   0.0000000000000000        0.0000000000000000     
   6.1339999999999888E-002   0.0000000000000000        0.0000000000000000     
   6.1774999999999886E-002   0.0000000000000000        0.0000000000000000     
   6.2209999999999883E-002   0.0000000000000000        0.0000000000000000     
   6.2644999999999881E-002   0.0000000000000000        0.0000000000000000     
   6.3079999999999886E-002   0.0000000000000000        0.0000000000000000     
   6.3514999999999891E-002   0.0000000000000000        0.0000000000000000     
   6.3949999999999896E-002   0.0000000000000000        0.0000000000000000     
   6.4384999999999901E-002   0.0000000000000000        0.0000000000000000     
   6.4819999999999905E-002   0.0000000000000000        0.0000000000000000     
   6.5254999999999910E-002   0.0000000000000000        0.0000000000000000     
   6.5689999999999915E-002   0.0000000000000000        0.0000000000000000     
   6.6124999999999920E-002   0.0000000000000000        0.0000000000000000     
   6.6559999999999925E-002   0.0000000000000000        0.0000000000000000     
   6.6994999999999930E-002   0.0000000000000000        0.0000000000000000     
   6.7429999999999934E-002   0.0000000000000000        0.0000000000000000     
   6.7864999999999939E-002   0.0000000000000000        0.0000000000000000     
   6.8299999999999944E-002   0.0000000000000000        0.0000000000000000     
   6.8734999999999949E-002   0.0000000000000000        0.0000000000000000     
   6.9169999999999954E-002   0.0000000000000000        0.0000000000000000     
   6.9604999999999959E-002   0.0000000000000000        0.0000000000000000     
   7.0039999999999963E-002   0.0000000000000000        0.0000000000000000     
   7.0474999999999968E-002   0.0000000000000000        0.0000000000000000     
   7.0909999999999973E-002   0.0000000000000000        0.0000000000000000     
   7.1344999999999978E-002   0.0000000000000000        0.0000000000000000     
   7.1779999999999983E-002   0.0000000000000000        0.0000000000000000     
   7.2214999999999988E-002   0.0000000000000000        0.0000000000000000     
   7.2649999999999992E-002   0.0000000000000000        0.0000000000000000     
   7.3084999999999997E-002   0.0000000000000000        0.0000000000000000     
   7.3520000000000002E-002   0.0000000000000000        0.0000000000000000     
   7.3955000000000007E-002   0.0000000000000000        0.0000000000000000     
   7.4390000000000012E-002   0.0000000000000000        0.0000000000000000     
   7.4825000000000016E-002   0.0000000000000000        0.0000000000000000     
   7.5260000000000021E-002   0.0000000000000000        0.0000000000000000     
   7.5695000000000026E-002   0.0000000000000000        0.0000000000000000     
   7.6130000000000031E-002   0.0000000000000000        0.0000000000000000     
   7.6565000000000036E-002   0.0000000000000000        0.0000000000000000     
   7.7000000000000041E-002   0.0000000000000000        0.0000000000000000     
   7.7435000000000045E-002   0.0000000000000000        0.0000000000000000     
   7.7870000000000050E-002   0.0000000000000000        0.0000000000000000     
   7.8305000000000055E-002   0.0000000000000000        0.0000000000000000     
   7.8740000000000060E-002   0.0000000000000000        0.0000000000000000     
   7.9175000000000065E-002   0.0000000000000000        0.0000000000000000     
   7.9610000000000070E-002   0.0000000000000000        0.0000000000000000     
   8.0045000000000074E-002   0.0000000000000000        0.0000000000000000     
   8.0480000000000079E-002   0.0000000000000000        0.0000000000000000     
   8.0915000000000084E-002   0.0000000000000000        0.0000000000000000     
   8.1350000000000089E-002   0.0000000000000000        0.0000000000000000     
   8.1785000000000094E-002   0.0000000000000000        0.0000000000000000     
   8.2220000000000099E-002   0.0000000000000000        0.0000000000000000     
   8.2655000000000103E-002   0.0000000000000000        0.0000000000000000     
   8.3090000000000108E-002   0.0000000000000000        0.0000000000000000     
   8.3525000000000113E-002   0.0000000000000000        0.0000000000000000     
   8.3960000000000118E-002   0.0000000000000000        0.0000000000000000     
   8.4395000000000123E-002   0.0000000000000000        0.0000000000000000     
   8.4830000000000128E-002   0.0000000000000000        0.0000000000000000     
   8.5265000000000132E-002   0.0000000000000000        0.0000000000000000     
   8.5700000000000137E-002   0.0000000000000000        0.0000000000000000     
   8.6135000000000142E-002   0.0000000000000000        0.0000000000000000     
   8.6570000000000147E-002   0.0000000000000000        0.0000000000000000     
   8.7005000000000152E-002   0.0000000000000000        0.0000000000000000     
   8.7440000000000156E-002   0.0000000000000000        0.0000000000000000     
   8.7875000000000161E-002   0.0000000000000000        0.0000000000000000     
   8.8310000000000166E-002   0.0000000000000000        0.0000000000000000     
   8.8745000000000171E-002   0.0000000000000000        0.0000000000000000     
   8.9180000000000176E-002   0.0000000000000000        0.0000000000000000     
   8.9615000000000181E-002   0.0000000000000000        0.0000000000000000     
   9.0050000000000185E-002   0.0000000000000000        0.0000000000000000     
   9.0485000000000190E-002   0.0000000000000000        0.0000000000000000     
   9.0920000000000195E-002   0.0000000000000000        0.0000000000000000     
   9.1355000000000200E-002   0.0000000000000000        0.0000000000000000     
   9.1790000000000205E-002   0.0000000000000000        0.0000000000000000     
   9.2225000000000210E-002   0.0000000000000000        0.0000000000000000     
   9.2660000000000214E-002   0.0000000000000000        0.0000000000000000     
   9.3095000000000219E-002   0.0000000000000000        0.0000000000000000     
   9.3530000000000224E-002   0.0000000000000000        0.0000000000000000     
   9.3965000000000229E-002   0.0000000000000000        0.0000000000000000     
   9.4400000000000234E-002   0.0000000000000000        0.0000000000000000     
   9.4835000000000239E-002   0.0000000000000000        0.0000000000000000     
   9.5270000000000243E-002   0.0000000000000000        0.0000000000000000     
   9.5705000000000248E-002   0.0000000000000000        0.0000000000000000     
   9.6140000000000253E-002   0.0000000000000000        0.0000000000000000     
   9.6575000000000258E-002   0.0000000000000000        0.0000000000000000     
   9.7010000000000263E-002   0.0000000000000000        0.0000000000000000     
   9.7445000000000268E-002   0.0000000000000000        0.0000000000000000     
   9.7880000000000272E-002   0.0000000000000000        0.0000000000000000     
   9.8315000000000277E-002   0.0000000000000000        0.0000000000000000     
   9.8750000000000282E-002   0.0000000000000000        0.0000000000000000     
   9.9185000000000287E-002   0.0000000000000000        0.0000000000000000     
   9.9620000000000292E-002   0.0000000000000000        0.0000000000000000     
  0.10005500000000030        0.0000000000000000        0.0000000000000000     
  0.10049000000000030        0.0000000000000000        0.0000000000000000     
  0.10092500000000031        0.0000000000000000        0.0000000000000000     
  0.10136000000000031        0.0000000000000000        0.0000000000000000     
  0.10179500000000032        0.0000000000000000        0.0000000000000000     
  0.10223000000000032        0.0000000000000000        0.0000000000000000     
  0.10266500000000033        0.0000000000000000        0.0000000000000000     
  0.10310000000000033        0.0000000000000000        0.0000000000000000     
  0.10353500000000034        0.0000000000000000        0.0000000000000000     
  0.10397000000000034        0.0000000000000000        0.0000000000000000     
  0.10440500000000034        0.0000000000000000        0.0000000000000000     
  0.10484000000000035        0.0000000000000000        0.0000000000000000     
  0.10527500000000035        0.0000000000000000        0.0000000000000000     
  0.10571000000000036        0.0000000000000000        0.0000000000000000     
  0.10614500000000036        0.0000000000000000        0.0000000000000000     
  0.10658000000000037        0.0000000000000000        0.0000000000000000     
  0.10701500000000037        0.0000000000000000        0.0000000000000000     
  0.10745000000000038        0.0000000000000000        0.0000000000000000     
  0.10788500000000038        0.0000000000000000        0.0000000000000000     
  0.10832000000000039        0.0000000000000000        0.0000000000000000     
  0.10875500000000039        0.0000000000000000        0.0000000000000000     
  0.10919000000000040        0.0000000000000000        0.0000000000000000     
  0.10962500000000040        0.0000000000000000        0.0000000000000000     
  0.11006000000000041        0.0000000000000000        0.0000000000000000     
  0.11049500000000041        1764586.9312955206        722.60121080241095     
  0.11093000000000042        0.0000000000000000        0.0000000000000000     
  0.11136500000000042        0.0000000000000000        0.0000000000000000     
  0.11180000000000043        0.0000000000000000        0.0000000000000000     
  0.11223500000000043        0.0000000000000000        0.0000000000000000     
  0.11267000000000044        0.0000000000000000        0.0000000000000000     
  0.11310500000000044        0.0000000000000000        0.0000000000000000     
  0.11354000000000045        0.0000000000000000        0.0000000000000000     
  0.11397500000000045        0.0000000000000000        0.0000000000000000     
  0.11441000000000046        0.0000000000000000        0.0000000000000000     
  0.11484500000000046        0.0000000000000000        0.0000000000000000     
  0.11528000000000047        0.0000000000000000        0.0000000000000000     
  0.11571500000000047        0.0000000000000000        0.0000000000000000     
  0.11615000000000048        0.0000000000000000        0.0000000000000000     
  0.11658500000000048        0.0000000000000000        0.0000000000000000     
  0.11702000000000048        0.0000000000000000        0.0000000000000000     
  0.11745500000000049        0.0000000000000000        0.0000000000000000     
  0.11789000000000049        0.0000000000000000        0.0000000000000000     
  0.11832500000000050        0.0000000000000000        0.0000000000000000     
  0.11876000000000050        0.0000000000000000        0.0000000000000000     
  0.11919500000000051        0.0000000000000000        0.0000000000000000     
  0.11963000000000051        0.0000000000000000        0.0000000000000000     
  0.12006500000000052        0.0000000000000000        0.0000000000000000     
