  -1.0000000000000000        406.72408980137544        11.330241427801717     
 -0.99333333333333329        391.39343237686620        11.146109296957160     
 -0.98666666666666658        409.57786676627751        11.445661919331686     
 -0.97999999999999987        397.50866075285916        11.301763180280066     
 -0.97333333333333316        387.87237129004563        11.198188240160675     
 -0.96666666666666645        413.72953467229695        11.602981657852299     
 -0.95999999999999974        394.95086656099465        11.369111940725059     
 -0.95333333333333303        410.63938089629994        11.627724683865827     
 -0.94666666666666632        369.83171004714347        11.075827268347144     
 -0.93999999999999961        397.33546191159377        11.510196634636394     
 -0.93333333333333290        416.72581044913835        11.828800081506085     
 -0.92666666666666619        389.55451788783324        11.470902696803083     
 -0.91999999999999948        393.78244082235454        11.565091397791884     
 -0.91333333333333278        418.06691588294711        11.949842593326061     
 -0.90666666666666607        396.79661985077269        11.679068670292489     
 -0.89999999999999936        394.25173291642938        11.686149236515494     
 -0.89333333333333265        394.71963822571445        11.720855893975209     
 -0.88666666666666594        388.95236108989093        11.674901818913835     
 -0.87999999999999923        377.76602759088831        11.540166573931860     
 -0.87333333333333252        398.68482922638384        11.891606251310872     
 -0.86666666666666581        389.85596371156686        11.793507931829671     
 -0.85999999999999910        396.01246131595320        11.919388873249170     
 -0.85333333333333239        397.45743378753480        11.979308946952653     
 -0.84666666666666568        389.34495498858143        11.893894818064929     
 -0.83999999999999897        372.58149468788628        11.670926339562822     
 -0.83333333333333226        377.90875483080339        11.791226983155054     
 -0.82666666666666555        399.40937193896201        12.161328085856800     
 -0.81999999999999884        382.10190351539558        11.927921229212085     
 -0.81333333333333213        385.83775218228817        12.020945147860118     
 -0.80666666666666542        394.65528899703133        12.212200203794032     
 -0.79999999999999871        376.83079304406141        11.952748569087111     
 -0.79333333333333200        396.29735338209980        12.298745519159711     
 -0.78666666666666529        377.05199625434500        12.033187193854099     
 -0.77999999999999858        376.74711621763765        12.060668522983901     
 -0.77333333333333187        400.68239605686534        12.477316470618785     
 -0.76666666666666516        380.30157512740391        12.199646979210495     
 -0.75999999999999845        376.56967606642831        12.168617569561702     
 -0.75333333333333174        364.03086909719093        12.005855828144631     
 -0.74666666666666504        382.07042070331136        12.333386238129854     
 -0.73999999999999833        392.22879923419544        12.536841977675239     
 -0.73333333333333162        379.85698410058302        12.379448923288210     
 -0.72666666666666491        389.98997430951880        12.569263097837410     
 -0.71999999999999820        382.21319399134075        12.489699098698916     
 -0.71333333333333149        394.70382182845327        12.741128659621221     
 -0.70666666666666478        383.01677889785230        12.590625558410075     
 -0.69999999999999807        409.82572225835480        13.045657899936726     
 -0.69333333333333136        393.02942109653441        12.808763533147740     
 -0.68666666666666465        391.29954112586103        12.821155869143487     
 -0.67999999999999794        366.55844732835669        12.441783989298342     
 -0.67333333333333123        383.22928849917548        12.794038803675758     
 -0.66666666666666452        371.45725696182626        12.600741214797676     
 -0.65999999999999781        377.04115782705469        12.724005596947377     
 -0.65333333333333110        393.56571573371946        13.044396205772571     
 -0.64666666666666439        391.93684160326984        13.048311309132229     
 -0.63999999999999768        381.29413363780964        12.912011290325550     
 -0.63333333333333097        372.20392469460961        12.790148191466535     
 -0.62666666666666426        395.29682325831885        13.219318820422354     
 -0.61999999999999755        394.70332369775076        13.244305855788589     
 -0.61333333333333084        398.80392530283137        13.351650563109429     
 -0.60666666666666413        379.28087710824502        13.064409828994247     
 -0.59999999999999742        390.65479705948025        13.290526120071297     
 -0.59333333333333071        382.46108053151642        13.189720513976511     
 -0.58666666666666401        402.23344796396566        13.558609215278537     
 -0.57999999999999730        362.40324236171512        12.922613254822181     
 -0.57333333333333059        392.06384191071947        13.472546580038973     
 -0.56666666666666388        403.78518287923708        13.721171407822814     
 -0.55999999999999717        365.32444828272429        13.068683783357397     
 -0.55333333333333046        395.46855173709639        13.630146493493205     
 -0.54666666666666375        395.09909442090861        13.658315107510518     
 -0.53999999999999704        383.39876993465748        13.499637802334581     
 -0.53333333333333033        364.94014072058303        13.191556045850188     
 -0.52666666666666362        365.45840473594552        13.236414824893190     
 -0.51999999999999691        369.93249688851756        13.389510327884526     
 -0.51333333333333020        393.15380922267803        13.800171987048698     
 -0.50666666666666349        370.17810354064545        13.451728735872472     
 -0.49999999999999684        374.17474934503878        13.552040713096380     
 -0.49333333333333018        395.52324745745750        13.944001020765707     
 -0.48666666666666353        392.88759485520666        13.938513647346710     
 -0.47999999999999687        373.18380613531912        13.615400588619957     
 -0.47333333333333022        390.12030131953668        13.964680599930995     
 -0.46666666666666357        377.33191456569233        13.757533867787437     
 -0.45999999999999691        388.81524950529951        13.999455601930034     
 -0.45333333333333026        359.95756980021912        13.508847047521066     
 -0.44666666666666360        382.48677629785180        13.954798604767785     
 -0.43999999999999695        349.66483450198018        13.390734428079963     
 -0.43333333333333030        369.65842592041389        13.785319235231093     
 -0.42666666666666364        390.03180248777301        14.182692622158486     
 -0.41999999999999699        405.49218529062722        14.514899279084306     
 -0.41333333333333033        395.36451944039055        14.357474835373234     
 -0.40666666666666368        393.77385255494147        14.347417259579183     
 -0.39999999999999702        417.63510144173347        14.825825886733520     
 -0.39333333333333037        392.06768697332654        14.381598986521958     
 -0.38666666666666372        376.00438887368290        14.111091619063407     
 -0.37999999999999706        391.56721681220870        14.431775992286767     
 -0.37333333333333041        366.79467228247029        13.995298134940496     
 -0.36666666666666375        385.12490232842401        14.372165173158020     
 -0.35999999999999710        377.91400018097568        14.263800884346281     
 -0.35333333333333045        394.62983817263205        14.604645645668494     
 -0.34666666666666379        390.15035741370065        14.580063501765331     
 -0.33999999999999714        379.46692569872857        14.384346715976520     
 -0.33333333333333048        365.74546575853719        14.153436282276358     
 -0.32666666666666383        332.00021911857158        13.503778996076880     
 -0.31999999999999718        386.33828649717293        14.592206644839230     
 -0.31333333333333052        399.98708653527012        14.874790900644170     
 -0.30666666666666387        385.39119989888252        14.630068474597367     
 -0.29999999999999721        364.82991617281692        14.258232096972918     
 -0.29333333333333056        380.88955819630917        14.586575944290727     
 -0.28666666666666391        380.69748273043911        14.644047077034246     
 -0.27999999999999725        375.18580441042468        14.562600089561238     
 -0.27333333333333060        380.41519324924104        14.655092236482709     
 -0.26666666666666394        390.58951628317709        14.870579843273742     
 -0.25999999999999729        371.90407817722968        14.534708305870334     
 -0.25333333333333063        395.24159197567940        15.004021014034729     
 -0.24666666666666398        363.44126787718039        14.415769905694132     
 -0.23999999999999733        372.05457126842964        14.619318375896595     
 -0.23333333333333067        388.21060429028876        14.944236675469359     
 -0.22666666666666402        387.64320488787496        14.955850893398434     
 -0.21999999999999736        396.11955002393654        15.125277848618408     
 -0.21333333333333071        357.70281809901240        14.394491138957353     
 -0.20666666666666406        359.43580958524313        14.464186848104386     
 -0.19999999999999740        392.19267564567980        15.120067102431545     
 -0.19333333333333075        400.52555844940508        15.304682165456230     
 -0.18666666666666409        342.10999272503574        14.152203083110193     
 -0.17999999999999744        364.86054805998486        14.623155285017003     
 -0.17333333333333079        353.04224706161284        14.407606940246799     
 -0.16666666666666413        400.52245445615262        15.383782004088619     
 -0.15999999999999748        389.29776125160055        15.179493042568090     
 -0.15333333333333082        373.45529391839221        14.860040806657020     
 -0.14666666666666417        375.16592573583290        14.904417531535769     
 -0.13999999999999752        377.25635936986117        14.975549498060408     
 -0.13333333333333086        380.36119849548390        15.039392474504210     
 -0.12666666666666421        393.89168080453209        15.311946105014819     
 -0.11999999999999754        353.10088871225781        14.507445879333510     
 -0.11333333333333087        376.03639325617223        14.998551983298478     
 -0.10666666666666420        381.82958216432093        15.109335926000877     
  -9.9999999999997535E-002   388.30304719067630        15.245984665545203     
  -9.3333333333330867E-002   385.89525318509493        15.210478949453023     
  -8.6666666666664199E-002   376.55337688178810        15.031229534094056     
  -7.9999999999997531E-002   358.75662889197139        14.714787942632171     
  -7.3333333333330863E-002   363.51189023355801        14.810046043433003     
  -6.6666666666664195E-002   380.67492947118450        15.135273525385850     
  -5.9999999999997528E-002   378.77384363107075        15.095726049582625     
  -5.3333333333330860E-002   390.22775068003585        15.333438949273992     
  -4.6666666666664192E-002   401.12471771596842        15.545964748360777     
  -3.9999999999997524E-002   395.61629973453870        15.449549843156282     
  -3.3333333333330856E-002   362.74535686764744        14.791232426796988     
  -2.6666666666664188E-002   424.35150835219571        16.016451373526269     
  -1.9999999999997520E-002   401.65991066489528        15.566710634929464     
  -1.3333333333330852E-002   398.22369137903644        15.503922684722262     
  -6.6666666666641847E-003   357.54295956494468        14.702401380201815     
   2.4823892941228110E-015   377.74097691810425        15.102845640405185     
   6.6666666666691495E-003   395.02232001324126        15.438215564409214     
   1.3333333333335817E-002   370.23161857713023        14.947392814914398     
   2.0000000000002485E-002   383.80869813803372        15.235647861844194     
   2.6666666666669153E-002   374.29183504555050        15.086470807207251     
   3.3333333333335817E-002   376.10135641274712        15.073626605945401     
   4.0000000000002485E-002   406.31621494477804        15.676227560919290     
   4.6666666666669153E-002   391.41471075313171        15.356265228683510     
   5.3333333333335821E-002   389.94446367302550        15.322308801841576     
   6.0000000000002489E-002   415.41416638386630        15.804187118116745     
   6.6666666666669150E-002   382.12119756115197        15.156699134191982     
   7.3333333333335818E-002   346.34820515232946        14.427078819363468     
   8.0000000000002486E-002   406.05101009483235        15.607778124767099     
   8.6666666666669154E-002   366.42698529188982        14.854646578496657     
   9.3333333333335822E-002   391.19209791300614        15.300263131316992     
  0.10000000000000249        371.40304848231438        14.921480189646701     
  0.10666666666666916        369.12924409929008        14.842229161098313     
  0.11333333333333583        351.16760850590140        14.477184711261431     
  0.12000000000000249        369.37025498063065        14.827842013895177     
  0.12666666666666915        386.31376735876216        15.156133484023956     
  0.13333333333333580        374.29136723082337        14.917030745025087     
  0.14000000000000246        359.68537323647894        14.593496586445701     
  0.14666666666666911        386.84837165028574        15.141966188055260     
  0.15333333333333576        382.55993707620502        15.020506766205848     
  0.16000000000000242        404.35089280769034        15.428264191402668     
  0.16666666666666907        360.63230289647476        14.571740151931667     
  0.17333333333333573        395.31021078498839        15.228889743742084     
  0.18000000000000238        366.40445324888941        14.673104926979709     
  0.18666666666666903        374.35802052197118        14.778846986397349     
  0.19333333333333569        383.70630434515959        14.950109933161324     
  0.20000000000000234        370.36343097021216        14.678711302686356     
  0.20666666666666900        370.22596610585390        14.650169778098732     
  0.21333333333333565        410.09748892639743        15.390565195134805     
  0.22000000000000230        370.34980864777714        14.609169843984104     
  0.22666666666666896        366.93939792504807        14.531546500952052     
  0.23333333333333561        382.90126794375379        14.817331513224840     
  0.24000000000000227        390.50104540422808        14.943617011820029     
  0.24666666666666892        395.70555442493014        15.010768372816198     
  0.25333333333333558        401.49399279320920        15.099799182194412     
  0.26000000000000223        413.41560329338597        15.299867528165832     
  0.26666666666666888        377.69307071622046        14.615759602085435     
  0.27333333333333554        374.30707716991532        14.528538083565930     
  0.28000000000000219        390.19379667190805        14.790981642108667     
  0.28666666666666885        375.61860487916266        14.502771269958178     
  0.29333333333333550        344.00480151045252        13.877096281864056     
  0.30000000000000215        371.27700155608193        14.378281533327977     
  0.30666666666666881        391.97063818516619        14.720717702122307     
  0.31333333333333546        385.54771850482592        14.572816534538507     
  0.32000000000000212        365.04808284578280        14.158476755386179     
  0.32666666666666877        388.54150562947518        14.602217263939071     
  0.33333333333333542        379.24234911019784        14.375844229991193     
  0.34000000000000208        400.76387217613734        14.760611522177472     
  0.34666666666666873        372.02259308210148        14.194732161503079     
  0.35333333333333539        382.70965462817543        14.372862394305249     
  0.36000000000000204        382.55274778187982        14.326425872202803     
  0.36666666666666869        382.83501192782097        14.296738120976933     
  0.37333333333333535        389.77541137888898        14.395280590843605     
  0.38000000000000200        377.77490739051279        14.157461896157995     
  0.38666666666666866        376.95815826453401        14.116871523996140     
  0.39333333333333531        376.89459815231265        14.084725785573911     
  0.40000000000000197        381.93808128362684        14.134932286020181     
  0.40666666666666862        375.30674955801913        13.995923294546717     
  0.41333333333333527        384.36059574460523        14.118006158553285     
  0.42000000000000193        380.83124216593876        14.016948573393645     
  0.42666666666666858        368.78538723288608        13.762407854799950     
  0.43333333333333524        373.71417834703595        13.821075301419691     
  0.44000000000000189        392.50514210537818        14.132309227430042     
  0.44666666666666854        394.31353260485923        14.142152651584288     
  0.45333333333333520        352.99884349197526        13.342532791515644     
  0.46000000000000185        377.53735689155405        13.765012285161815     
  0.46666666666666851        413.09076850663797        14.358223494092112     
  0.47333333333333516        374.73456306519239        13.644594270211490     
  0.48000000000000181        361.89785686768369        13.374876598520570     
  0.48666666666666847        392.80411364032170        13.900388490065453     
  0.49333333333333512        361.46896498681093        13.304290333381681     
  0.50000000000000178        404.92883996051086        14.040424829831363     
  0.50666666666666849        364.43900520510380        13.296325392611108     
  0.51333333333333520        402.13362766829329        13.918265555146315     
  0.52000000000000191        369.46499781932738        13.311424892822622     
  0.52666666666666861        390.10243375661184        13.642396267433240     
  0.53333333333333532        383.85794145920289        13.507379443135420     
  0.54000000000000203        380.22378365312579        13.404592396976554     
  0.54666666666666874        388.41913178175514        13.500701346849411     
  0.55333333333333545        383.06759464597337        13.371728517507208     
  0.56000000000000216        360.19323664466737        12.935212523168145     
  0.56666666666666887        372.28833816629754        13.116653612915121     
  0.57333333333333558        391.67848823665281        13.411616473253421     
  0.58000000000000229        384.35317957692286        13.262900223186014     
  0.58666666666666900        362.87734297465050        12.841364360264178     
  0.59333333333333571        377.62143692349650        13.062002640169725     
  0.60000000000000242        386.76539717795794        13.188980813649435     
  0.60666666666666913        367.72977107372753        12.820608160275697     
  0.61333333333333584        378.17164991917832        12.964431663714848     
  0.62000000000000255        369.16809555546939        12.777283655597813     
  0.62666666666666926        402.43220012919107        13.301524972645932     
  0.63333333333333597        379.58610930197784        12.883956688297651     
  0.64000000000000268        363.18506352107676        12.562644327218877     
  0.64666666666666939        393.20032607116957        13.046698575495407     
  0.65333333333333610        399.07537675874693        13.090131756981812     
  0.66000000000000281        398.42690917178851        13.047642996770383     
  0.66666666666666952        390.24570831805039        12.870452224643905     
  0.67333333333333623        378.37385419913102        12.639169887624776     
  0.68000000000000294        394.09717888528479        12.891827439176542     
  0.68666666666666965        395.62121917934280        12.858841042510070     
  0.69333333333333635        386.69540686221558        12.663484388747177     
  0.70000000000000306        379.13832850610601        12.504120126070136     
  0.70666666666666977        384.92918278020227        12.564963194686644     
  0.71333333333333648        407.26738354677002        12.891996513371337     
  0.72000000000000319        390.70350401367477        12.579105564307913     
  0.72666666666666990        383.19345354903413        12.421937440687080     
  0.73333333333333661        386.23255508812042        12.441626456690264     
  0.74000000000000332        384.49390873310136        12.372701422722800     
  0.74666666666667003        405.31437935529607        12.658759126565688     
  0.75333333333333674        372.74208099819589        12.108796607474615     
  0.76000000000000345        366.60919553800676        11.973391205543933     
  0.76666666666667016        395.52741877272666        12.420342496155076     
  0.77333333333333687        398.62818104766859        12.425434263147036     
  0.78000000000000358        390.32053183875428        12.238707253129700     
  0.78666666666667029        399.71838840936380        12.351054950316183     
  0.79333333333333700        393.48908721703117        12.223446771778741     
  0.80000000000000371        378.63647457960326        11.949565623684963     
  0.80666666666667042        378.13963616824913        11.904045307117919     
  0.81333333333333713        378.40192522164006        11.876739154217331     
  0.82000000000000384        372.80530535079168        11.753723615513620     
  0.82666666666667055        392.48262831757808        12.018043119857587     
  0.83333333333333726        385.79000752333229        11.875046637998013     
  0.84000000000000397        368.62883224075688        11.581500866037329     
  0.84666666666667068        409.31261473959199        12.159576488999642     
  0.85333333333333738        398.40196975988124        11.958554036650453     
  0.86000000000000409        379.29604724136135        11.641791411885745     
  0.86666666666667080        388.26537772440787        11.739943376480932     
  0.87333333333333751        405.08153287075845        11.949052115618063     
  0.88000000000000422        385.09409281432562        11.622628844219619     
  0.88666666666667093        390.46524619382956        11.656924838692261     
  0.89333333333333764        406.16713405064513        11.851691347180344     
  0.90000000000000435        375.99334859563493        11.379370972879618     
  0.90666666666667106        393.42993222196060        11.595189726007023     
  0.91333333333333777        384.28816213549538        11.431435792469761     
  0.92000000000000448        402.09483238021880        11.648075958604959     
  0.92666666666667119        372.69990966917123        11.181999204351897     
  0.93333333333333790        406.28396872648625        11.646677963802594     
  0.94000000000000461        382.33287419978359        11.258264637914280     
  0.94666666666667132        405.93534489870854        11.560240381118177     
  0.95333333333333803        408.07688483277542        11.559823182450872     
  0.96000000000000474        402.45803006042877        11.456445663552921     
  0.96666666666667145        391.84237148271359        11.256101878777301     
  0.97333333333333816        382.72781239309370        11.091732632970089     
  0.98000000000000487        383.29750649910898        11.066098251698058     
  0.98666666666667158        412.40412195828964        11.439271091551136     
  0.99333333333333829        393.73568128108377        11.144565510086831     
