  -1.0000000000000000        409.05422412666894        17.961096520480229     
 -0.99333333333333329        383.64864991191365        17.450765111335034     
 -0.98666666666666658        426.26833993821833        18.449281002944264     
 -0.97999999999999987        399.94241226729542        17.949654560296743     
 -0.97333333333333316        394.17871939159454        17.873706819911320     
 -0.96666666666666645        431.06616477398063        18.727967826972503     
 -0.95999999999999974        398.18855630960883        18.055630988376514     
 -0.95333333333333303        398.24376856900716        18.114618275909329     
 -0.94666666666666632        355.08919435380795        17.187595783122024     
 -0.93999999999999961        396.26937818259813        18.196596519259089     
 -0.93333333333333290        424.15406478445601        18.883228940829795     
 -0.92666666666666619        399.21584081206487        18.410275498020596     
 -0.91999999999999948        385.73459702823709        18.102381474846297     
 -0.91333333333333278        403.07586738944826        18.588399485027896     
 -0.90666666666666607        389.79132923865563        18.313102254668578     
 -0.89999999999999936        381.46286484993283        18.166231687645400     
 -0.89333333333333265        402.23026627013559        18.710894052089614     
 -0.88666666666666594        372.88417643169845        18.091795634226077     
 -0.87999999999999923        370.67617929583537        18.070762531464002     
 -0.87333333333333252        376.87549279146543        18.285509652963245     
 -0.86666666666666581        413.40981812678990        19.209949277463870     
 -0.85999999999999910        414.38608590214523        19.276391301674309     
 -0.85333333333333239        388.37583026582342        18.732620758983767     
 -0.84666666666666568        411.86156454961787        19.349992412175311     
 -0.83999999999999897        381.49624466924934        18.710525415290981     
 -0.83333333333333226        364.50841786174351        18.327403140253608     
 -0.82666666666666555        396.30015665069379        19.159827971536831     
 -0.81999999999999884        395.52906403838250        19.213296952609952     
 -0.81333333333333213        399.73174597516964        19.348596140660028     
 -0.80666666666666542        384.07692720246700        19.046172862697034     
 -0.79999999999999871        381.87157723562967        19.031480548517617     
 -0.79333333333333200        409.64616285083804        19.804941073925185     
 -0.78666666666666529        368.24598889095603        18.805075872741803     
 -0.77999999999999858        373.33608234393205        18.990303053308836     
 -0.77333333333333187        387.15747040193816        19.392283175592816     
 -0.76666666666666516        359.34347228256780        18.748761013366735     
 -0.75999999999999845        358.62457360613524        18.788688287492530     
 -0.75333333333333174        352.54576388125918        18.704312184803936     
 -0.74666666666666504        383.09713844711359        19.588990148194451     
 -0.73999999999999833        390.76251026515780        19.773897557347336     
 -0.73333333333333162        385.16397446796901        19.772924599047716     
 -0.72666666666666491        409.17906638462796        20.366898252305379     
 -0.71999999999999820        386.02559528679922        19.870154115969374     
 -0.71333333333333149        402.20186718493562        20.352551125461272     
 -0.70666666666666478        418.08317655053628        20.784094205806063     
 -0.69999999999999807        427.90018245730539        21.063338315748986     
 -0.69333333333333136        364.35211019946189        19.497328349357375     
 -0.68666666666666465        396.11329575362942        20.389532511105422     
 -0.67999999999999794        343.02329779145731        19.025980518976819     
 -0.67333333333333123        364.84728468085740        19.694880763977128     
 -0.66666666666666452        348.04935726247788        19.304658212667331     
 -0.65999999999999781        398.30377540440429        20.696514640690442     
 -0.65333333333333110        365.28318014825811        19.923901659314872     
 -0.64666666666666439        383.55059122657758        20.465555186262460     
 -0.63999999999999768        371.78593430203267        20.158380203752181     
 -0.63333333333333097        371.40000033962548        20.197345202038129     
 -0.62666666666666426        387.41062428776405        20.790916197456120     
 -0.61999999999999755        380.18730270156669        20.553168077236172     
 -0.61333333333333084        405.45278462107018        21.330576153963108     
 -0.60666666666666413        380.91900598851237        20.684242976711399     
 -0.59999999999999742        405.36176608936506        21.415635957121967     
 -0.59333333333333071        393.09242324438770        21.126868406251248     
 -0.58666666666666401        387.29088636517662        21.061410204574607     
 -0.57999999999999730        372.15387769718927        20.705821215719144     
 -0.57333333333333059        383.78322024677988        21.091561352529030     
 -0.56666666666666388        403.92722002295233        21.708983768351832     
 -0.55999999999999717        363.98099040512767        20.640593894344949     
 -0.55333333333333046        395.96016712053301        21.597216353513815     
 -0.54666666666666375        399.06651748836094        21.701863462453844     
 -0.53999999999999704        417.90601112324964        22.266975284992739     
 -0.53333333333333033        364.26960181900063        20.860466376533196     
 -0.52666666666666362        357.10720365086445        20.690679607871203     
 -0.51999999999999691        370.99899819003184        21.176036311725614     
 -0.51333333333333020        385.34433118549782        21.608748478196222     
 -0.50666666666666349        368.13683797132518        21.222333050623071     
 -0.49999999999999684        388.15015056169818        21.800597825896357     
 -0.49333333333333018        390.32074899253291        21.922487273230178     
 -0.48666666666666353        395.46917478365498        22.106675701556753     
 -0.47999999999999687        398.45682384809515        22.238760354829896     
 -0.47333333333333022        403.67499646870533        22.529711089779639     
 -0.46666666666666357        362.57612766082480        21.408658542536251     
 -0.45999999999999691        379.56041680169204        21.881008561624558     
 -0.45333333333333026        368.45031166289994        21.604735302734596     
 -0.44666666666666360        372.42973135236474        21.762971290222641     
 -0.43999999999999695        350.80935419795418        21.202876898978943     
 -0.43333333333333030        390.34625962088080        22.465059177088566     
 -0.42666666666666364        371.13340305440454        21.875865823940817     
 -0.41999999999999699        418.23069119299788        23.269546177512126     
 -0.41333333333333033        385.82171301672781        22.430186760578653     
 -0.40666666666666368        381.79926217760737        22.387354912687041     
 -0.39999999999999702        453.57829508993615        24.448705662312360     
 -0.39333333333333037        405.24398371595703        23.130729397090136     
 -0.38666666666666372        389.04565206560028        22.694973604650880     
 -0.37999999999999706        391.98730472351878        22.827539253620916     
 -0.37333333333333041        346.08710905755686        21.518586683087367     
 -0.36666666666666375        383.18226206206418        22.745343472215538     
 -0.35999999999999710        380.12353172899054        22.644324420428074     
 -0.35333333333333045        421.54781668257004        23.905041786844215     
 -0.34666666666666379        392.75694968593189        23.110001764045691     
 -0.33999999999999714        394.68435191140594        23.183161102109452     
 -0.33333333333333048        409.73260765824983        23.739552415855023     
 -0.32666666666666383        342.32696767528540        21.710734685025216     
 -0.31999999999999718        379.16726484175825        22.916727618885449     
 -0.31333333333333052        408.54371702906570        23.791616275071338     
 -0.30666666666666387        375.01813165853525        22.876984120144549     
 -0.29999999999999721        371.61587414719975        22.754885246607749     
 -0.29333333333333056        397.03108961332299        23.567577561166022     
 -0.28666666666666391        387.42039570780440        23.415412452997259     
 -0.27999999999999725        357.29399652120031        22.434407710678247     
 -0.27333333333333060        349.56010089966782        22.214485317366965     
 -0.26666666666666394        408.45846305861988        24.075819015416052     
 -0.25999999999999729        378.84585058832994        23.197602397253299     
 -0.25333333333333063        384.60846695126043        23.418388607940990     
 -0.24666666666666398        367.03122623060125        22.954915531196111     
 -0.23999999999999733        369.86357391033783        23.041728969736990     
 -0.23333333333333067        363.35168804926104        22.860113331270373     
 -0.22666666666666402        418.75156345909630        24.554260965567192     
 -0.21999999999999736        417.45277761953429        24.605911024246467     
 -0.21333333333333071        370.77560559046441        23.189201765775987     
 -0.20666666666666406        376.12652161831875        23.431787715441207     
 -0.19999999999999740        401.22147115850731        24.338933781662657     
 -0.19333333333333075        415.99484239304888        24.649615424344432     
 -0.18666666666666409        329.19958553159461        21.970858090544208     
 -0.17999999999999744        357.14175966628983        22.882787280328124     
 -0.17333333333333079        372.78027957278010        23.499869670308936     
 -0.16666666666666413        382.58343100290131        23.741728792637559     
 -0.15999999999999748        360.65436089014406        23.060341175833994     
 -0.15333333333333082        359.35374280921963        23.072086015725798     
 -0.14666666666666417        407.49315262117392        24.628712610891061     
 -0.13999999999999752        362.80798384422980        23.198032259004300     
 -0.13333333333333086        364.16535394988557        23.284763234136992     
 -0.12666666666666421        403.20231908683871        24.504907020823271     
 -0.11999999999999754        364.48403663893640        23.305202642720619     
 -0.11333333333333087        400.81242982911766        24.588689964711964     
 -0.10666666666666420        372.33469918853575        23.613860041341571     
  -9.9999999999997535E-002   370.14971162047249        23.618785045936495     
  -9.3333333333330867E-002   367.82731299712924        23.470811441757192     
  -8.6666666666664199E-002   354.75626896426058        23.163749106186295     
  -7.9999999999997531E-002   350.12595528441170        23.110028260660631     
  -7.3333333333330863E-002   385.35903922538120        24.101212422300438     
  -6.6666666666664195E-002   399.29684283672975        24.496086832955282     
  -5.9999999999997528E-002   368.75393481557632        23.578168583156586     
  -5.3333333333330860E-002   394.36551138207807        24.425528011227016     
  -4.6666666666664192E-002   365.53207970338968        23.468829406351180     
  -3.9999999999997524E-002   403.21621339651341        24.689753009494410     
  -3.3333333333330856E-002   363.38753359310488        23.428344718420632     
  -2.6666666666664188E-002   417.23330984804016        25.125369113997365     
  -1.9999999999997520E-002   413.04952192844212        25.056677463341543     
  -1.3333333333330852E-002   392.30134615351733        24.439325143999312     
  -6.6666666666641847E-003   381.70166714654113        24.207475208471344     
   2.4823892941228110E-015   377.19849985489583        23.874156902748805     
   6.6666666666691495E-003   429.81981044830547        25.468842788572196     
   1.3333333333335817E-002   372.03316261758960        23.690769062163220     
   2.0000000000002485E-002   387.19159089575237        24.215805799622558     
   2.6666666666669153E-002   368.66875162248562        23.669998727751121     
   3.3333333333335817E-002   348.23473413377849        22.935434901736091     
   4.0000000000002485E-002   421.79902132653677        25.217146321435507     
   4.6666666666669153E-002   427.07527928273043        25.351036867495591     
   5.3333333333335821E-002   382.84407939286911        24.038626149061333     
   6.0000000000002489E-002   421.74638633766148        25.213932938497901     
   6.6666666666669150E-002   405.16804537260452        24.808994352453499     
   7.3333333333335818E-002   334.04968712394060        22.445646643502634     
   8.0000000000002486E-002   410.41278152612819        24.850921423325218     
   8.6666666666669154E-002   376.49593389683707        23.781809952441272     
   9.3333333333335822E-002   425.43414267813364        25.253525185496851     
  0.10000000000000249        370.32569239773176        23.534100329784213     
  0.10666666666666916        408.51750419042389        24.690804021019176     
  0.11333333333333583        365.96760265565854        23.399946386871150     
  0.12000000000000249        381.81469823333555        23.832843633448046     
  0.12666666666666915        369.63101345809457        23.442433686767778     
  0.13333333333333580        411.34975499860587        24.770969241089912     
  0.14000000000000246        352.89080005860694        22.895441367893632     
  0.14666666666666911        440.94168646762409        25.677924356110399     
  0.15333333333333576        366.69664514101368        23.256357158094332     
  0.16000000000000242        383.05868423232482        23.863500391965996     
  0.16666666666666907        355.08056662276988        22.845148491419479     
  0.17333333333333573        410.48157470048284        24.628962549618031     
  0.18000000000000238        382.26798411847795        23.721980050184843     
  0.18666666666666903        377.96904654199477        23.500894744559940     
  0.19333333333333569        389.99635282414800        23.835466242105035     
  0.20000000000000234        345.28490480249718        22.402043458057747     
  0.20666666666666900        382.21223453779902        23.537171658572603     
  0.21333333333333565        468.27246185567532        26.013207614980651     
  0.22000000000000230        360.46031617749099        22.906897547732061     
  0.22666666666666896        356.76851671793230        22.764855528840560     
  0.23333333333333561        414.01663682687553        24.403379861803238     
  0.24000000000000227        378.70952902115118        23.321331172478121     
  0.24666666666666892        377.64181911941836        23.211492504631018     
  0.25333333333333558        406.21041771430993        24.027471676608663     
  0.26000000000000223        374.39976067966131        23.099961458457759     
  0.26666666666666888        370.67794907744843        23.002613831199231     
  0.27333333333333554        381.03073292164709        23.200446787530836     
  0.28000000000000219        365.41315278901010        22.632485393185590     
  0.28666666666666885        348.35326502880730        22.137610293009864     
  0.29333333333333550        359.12719328502891        22.460474939078498     
  0.30000000000000215        376.62297806785278        22.932003470680268     
  0.30666666666666881        393.41860037639350        23.436061826402316     
  0.31333333333333546        367.33177729832096        22.492591063725364     
  0.32000000000000212        340.03453744480794        21.653007858693570     
  0.32666666666666877        389.54314714246021        23.082272987649791     
  0.33333333333333542        400.17388654704911        23.424220296894443     
  0.34000000000000208        375.79317201690651        22.588831390555534     
  0.34666666666666873        354.34086565821360        21.904463996746017     
  0.35333333333333539        407.76474219836388        23.428760927239381     
  0.36000000000000204        399.63336562510221        23.193675760187691     
  0.36666666666666869        388.07557484975547        22.834414073879159     
  0.37333333333333535        366.89246675430252        22.134272504257854     
  0.38000000000000200        378.55194585879491        22.391499812969954     
  0.38666666666666866        354.75145532986539        21.640811869076014     
  0.39333333333333531        389.90683961447047        22.667619281450431     
  0.40000000000000197        383.65398561193382        22.457262320200112     
  0.40666666666666862        390.18079624721315        22.530984687805915     
  0.41333333333333527        370.60134449061593        21.921200386088255     
  0.42000000000000193        383.83431044006016        22.314513364053198     
  0.42666666666666858        355.64718003237795        21.377862505058204     
  0.43333333333333524        352.80495200232622        21.284378605245340     
  0.44000000000000189        380.75698815955479        22.098004137129312     
  0.44666666666666854        393.25615168234373        22.446125734542676     
  0.45333333333333520        352.68849871207880        21.123317773821814     
  0.46000000000000185        368.07200121807483        21.508247621595483     
  0.46666666666666851        427.34119348337771        23.102284179850383     
  0.47333333333333516        370.33092821640025        21.493029147101716     
  0.48000000000000181        356.76679529095003        21.139731297462504     
  0.48666666666666847        401.88785559130065        22.222219597464989     
  0.49333333333333512        364.54174703805256        21.157072080136885     
  0.50000000000000178        419.71865277646634        22.623701303696979     
  0.50666666666666849        370.02282114979079        21.189924657878350     
  0.51333333333333520        427.84596742658738        22.796272598982473     
  0.52000000000000191        366.99801227704819        20.982155659896556     
  0.52666666666666861        381.99171062776452        21.386812031199000     
  0.53333333333333532        361.38131307185517        20.729277113978231     
  0.54000000000000203        369.30820218918268        20.875325574675955     
  0.54666666666666874        364.54659899821741        20.706215085961436     
  0.55333333333333545        415.74985987817104        22.026521951443502     
  0.56000000000000216        373.41891384869541        20.906711498877545     
  0.56666666666666887        367.85082814763877        20.627750287409228     
  0.57333333333333558        344.75633033679651        19.941311504381289     
  0.58000000000000229        394.09781648039416        21.242678902976621     
  0.58666666666666900        332.91549227630179        19.554655889051329     
  0.59333333333333571        395.36343402242250        21.156726971476679     
  0.60000000000000242        381.73942347404130        20.728715451457635     
  0.60666666666666913        344.15316992424636        19.643716234745249     
  0.61333333333333584        351.21228403621330        19.757387554906941     
  0.62000000000000255        392.54303938557234        21.035490448279862     
  0.62666666666666926        394.51919290754483        20.813655484369566     
  0.63333333333333597        366.06512890379997        19.996735316921068     
  0.64000000000000268        373.46496031179095        20.160060944567238     
  0.64666666666666939        378.46961179239304        20.223624400593870     
  0.65333333333333610        400.78715052756456        20.769113992277543     
  0.66000000000000281        405.71251845045089        20.828066344470578     
  0.66666666666666952        367.16480951805227        19.762072666278346     
  0.67333333333333623        389.97345443626028        20.346694209759942     
  0.68000000000000294        392.39383270222726        20.361555156021634     
  0.68666666666666965        386.20485176705660        20.067913744336774     
  0.69333333333333635        390.74424006864467        20.166961314064089     
  0.70000000000000306        354.23124902993192        19.121833180759026     
  0.70666666666666977        394.84553130302055        20.110681539174617     
  0.71333333333333648        431.11949448711937        20.967150946757382     
  0.72000000000000319        414.68266028806141        20.513100941448641     
  0.72666666666666990        383.11748310261476        19.720305967793792     
  0.73333333333333661        361.87084329581603        19.064401128951147     
  0.74000000000000332        389.74009641553408        19.722017379134815     
  0.74666666666667003        408.67045536489741        20.116715429721474     
  0.75333333333333674        381.11071552554239        19.360544133413086     
  0.76000000000000345        371.70969843676630        19.057252341295435     
  0.76666666666667016        386.42186340993845        19.404444001378469     
  0.77333333333333687        443.89541443414805        20.694331357016065     
  0.78000000000000358        423.11510225386706        20.149799533867178     
  0.78666666666667029        438.17767002983987        20.472566973067345     
  0.79333333333333700        387.41018188869992        19.306951016082799     
  0.80000000000000371        396.86405280058034        19.370523299882546     
  0.80666666666667042        383.85103316672092        18.987932815359180     
  0.81333333333333713        375.82632479603313        18.706804276529752     
  0.82000000000000384        376.10683169566283        18.651041290451229     
  0.82666666666667055        386.29856523993391        18.877530492172056     
  0.83333333333333726        371.25040502756332        18.433014297114134     
  0.84000000000000397        371.55364324069910        18.379704394219821     
  0.84666666666667068        400.83061853156545        19.023396280628674     
  0.85333333333333738        383.88716187555139        18.581581421641506     
  0.86000000000000409        373.18282487072855        18.258663309027195     
  0.86666666666667080        393.85539703651023        18.734756913299343     
  0.87333333333333751        398.25504380226766        18.794396421517622     
  0.88000000000000422        371.88256726823380        18.064665051216469     
  0.88666666666667093        376.46774857569471        18.115766645744010     
  0.89333333333333764        428.77130174583914        19.263192663664757     
  0.90000000000000435        377.31901397758122        18.010157036537144     
  0.90666666666667106        381.19386976594507        18.050460728700870     
  0.91333333333333777        374.78261601032375        17.848078524989642     
  0.92000000000000448        428.30396294441306        19.029944868595500     
  0.92666666666667119        385.59556856223412        17.996092185400986     
  0.93333333333333790        410.47585780734175        18.497924882675470     
  0.94000000000000461        356.25090672844499        17.203277605207091     
  0.94666666666667132        386.74007331528037        17.854338571718586     
  0.95333333333333803        401.01066601198045        18.127181893610306     
  0.96000000000000474        389.21079264498246        17.815663623391064     
  0.96666666666667145        402.20705583942191        18.033066045455612     
  0.97333333333333816        390.89890434536443        17.725082963710722     
  0.98000000000000487        401.96505855399249        17.931357075219523     
  0.98666666666667158        421.98370829294618        18.298532254596935     
  0.99333333333333829        410.03194421492555        18.021392021885941     
