  0.10000000000000001        2.8295073505223624E-002   1.6335905336669565E-002
  0.69933333333333336       0.11676469839936154        3.2382549582249905E-002
   1.2986666666666666       0.18124032823240774        4.1575097171787805E-002
   1.8980000000000001       0.32766729300326664        5.4601041194561217E-002
   2.4973333333333336       0.48205965173526111        6.5582036079242942E-002
   3.0966666666666671       0.37192198087384470        5.7376683851154325E-002
   3.6960000000000006       0.42192026708566877        6.3591638758829783E-002
   4.2953333333333337       0.63486064995409097        7.5316961001449037E-002
   4.8946666666666667       0.63410356221538688        7.5227199526314209E-002
   5.4939999999999998       0.76288431902186293        8.2228389461987419E-002
   6.0933333333333328       0.79477427391741262        8.4208023705249102E-002
   6.6926666666666659       0.88284738847288291        8.8685229419595918E-002
   7.2919999999999989       0.91287231211429709        8.9901632199353307E-002
   7.8913333333333320        1.1217405862820993       0.10107998007487627     
   8.4906666666666659        1.1713988505039148       0.10227810280928773     
   9.0899999999999999        1.2181786322517711       0.10595623687562973     
   9.6893333333333338        1.2503223626587714       0.10559738433314524     
   10.288666666666668        1.3027432415201099       0.10810798337928462     
   10.888000000000002        1.3127052805023764       0.10931180148407223     
   11.487333333333336        1.3447891923962787       0.10971916524999446     
   12.086666666666670        1.5524649257435339       0.11861729175303791     
   12.686000000000003        1.5169054251771124       0.11693311460465319     
   13.285333333333337        1.6430237375398726       0.12167802695551275     
   13.884666666666671        1.7661741583257566       0.12635472622317670     
   14.484000000000005        1.6951023397312621       0.12384216454305645     
   15.083333333333339        1.7124899564081442       0.12511157134277079     
   15.682666666666673        2.0152014983605229       0.13571446706209142     
   16.282000000000007        1.9238233710129806       0.13261650349920523     
   16.881333333333341        2.1366129157753049       0.13981077786855495     
   17.480666666666675        1.9760975735897444       0.13462364689607273     
   18.080000000000009        2.2226348098893265       0.14359674416224633     
   18.679333333333343        1.9823360325460657       0.13536427795789116     
   19.278666666666677        2.1550730330553454       0.14132290593601810     
   19.878000000000011        2.5488522631759869       0.15377064761523040     
   20.477333333333345        2.4603960229534318       0.15151437494999090     
   21.076666666666679        2.6073601994954467       0.15616118769002821     
   21.676000000000013        2.4937437939914342       0.15298608788392737     
   22.275333333333347        2.7981757559684262       0.16239925259746624     
   22.874666666666680        2.7185156118695764       0.16023830853154872     
   23.474000000000014        2.6693879665600369       0.15930224908563481     
   24.073333333333348        2.6908389432114599       0.16001101314174154     
   24.672666666666682        2.8729686409992525       0.16562198149792284     
   25.272000000000016        2.8010329584042504       0.16424266870094478     
   25.871333333333350        3.3353124264251006       0.17925688434923340     
   26.470666666666684        3.1177160604906735       0.17373404178797547     
   27.070000000000018        3.0803729053479683       0.17411586556523992     
   27.669333333333352        2.9902036472545270       0.17095680236323285     
   28.268666666666686        3.3153394517669446       0.18083067181860971     
   28.868000000000020        3.3169562767248473       0.18119074873134669     
   29.467333333333354        3.3674138017153163       0.18258219724471381     
   30.066666666666688        3.3317948561578965       0.18227599283897930     
   30.666000000000022        3.3531381562784395       0.18316832410172762     
   31.265333333333356        3.7771197872561135       0.19468349227780324     
   31.864666666666690        3.4709454029113558       0.18709181679275069     
   32.464000000000020        3.7457066918756210       0.19489870883368376     
   33.063333333333354        3.3267673539558809       0.18423544465776145     
   33.662666666666688        3.8030039877854809       0.19760995023633141     
   34.262000000000022        3.8214754774724673       0.19830139052982401     
   34.861333333333356        3.7513927026674838       0.19708502119435434     
   35.460666666666690        3.8514932337256012       0.20094944185490407     
   36.060000000000024        3.8453028642435676       0.20090377886735844     
   36.659333333333358        4.3030778887915924       0.21312290786476018     
   37.258666666666691        4.4053530193786026       0.21737882983203963     
   37.858000000000025        4.7367020944645493       0.22454838207218114     
   38.457333333333359        4.8057900280925114       0.22679763096738351     
   39.056666666666693        4.5575430857796828       0.22165268552347253     
   39.656000000000027        3.9590251284238200       0.20713158775329293     
   40.255333333333361        4.5009354653804374       0.22155800099668926     
   40.854666666666695        4.3479197556881264       0.21889040436908550     
   41.454000000000029        5.0381124731986366       0.23591239132474692     
   42.053333333333363        4.1192732609443867       0.21433521301674030     
   42.652666666666697        4.4475910304067163       0.22333890844206053     
   43.252000000000031        4.9693912936113138       0.23665391861998111     
   43.851333333333365        5.1105515543156583       0.24063916278628386     
   44.450666666666699        4.9054826154162869       0.23633078472244570     
   45.050000000000033        4.3452103517040142       0.22336729703360317     
   45.649333333333367        5.0140951204362993       0.24099774550550923     
   46.248666666666701        5.0044677265964577       0.24109951674669247     
   46.848000000000035        4.9394410226692100       0.24108769783981315     
   47.447333333333368        4.6958038401293996       0.23550421465658408     
   48.046666666666702        5.2948105745596390       0.25072139218871442     
   48.646000000000036        5.2504420456356380       0.25061219743182278     
   49.245333333333370        4.9985681062121534       0.24515715003907068     
   49.844666666666704        4.9559733297388604       0.24485659797916651     
   50.444000000000038        5.2467105011565227       0.25277005428301264     
   51.043333333333372        5.2627327275007136       0.25473445375055631     
   51.642666666666706        4.8374425168255852       0.24447553592411148     
   52.242000000000040        4.9179720781119807       0.24759025634712040     
   52.841333333333374        5.4554892861150934       0.26160511418685506     
   53.440666666666708        5.0003372487636932       0.25141581606335595     
   54.040000000000042        5.2029203445460190       0.25737279611415376     
   54.639333333333376        4.9497765022981453       0.25210518575147817     
   55.238666666666710        5.7108307193821313       0.27134350702943127     
   55.838000000000044        5.6648415237514893       0.27101725322687198     
   56.437333333333378        5.3867232592684626       0.26548462740123896     
   57.036666666666711        5.2949642926779106       0.26388751627628482     
   57.636000000000045        5.6347715546033275       0.27371488886785472     
   58.235333333333379        5.8697909250827083       0.27985437318045503     
   58.834666666666713        5.8758386290345861       0.28111058436497965     
   59.434000000000047        6.0817697828598147       0.28701310517180678     
   60.033333333333381        5.6568986727534361       0.27744578563331390     
   60.632666666666715        5.6336362173973464       0.27867698208701863     
   61.232000000000049        5.7477165886331729       0.28223963752671022     
   61.831333333333383        6.4936119780882242       0.30043245361479609     
   62.430666666666717        5.3910913902809456       0.27494288639816467     
   63.030000000000051        5.9801144577972369       0.29187783639095760     
   63.629333333333385        5.6513890641352074       0.28378713471017114     
   64.228666666666712        5.8623508489183234       0.28928096898001820     
   64.828000000000046        5.9581099677361058       0.29257310247322926     
   65.427333333333380        6.0199750753745729       0.29489541070478348     
   66.026666666666713        6.1844606137682376       0.30041671143968024     
   66.626000000000047        5.8820666571649234       0.29351417032067967     
   67.225333333333381        6.1210445478114197       0.30020957996632835     
   67.824666666666715        6.0433993850582288       0.30005902748913760     
   68.424000000000049        6.3992245555563594       0.30937981743095877     
   69.023333333333383        6.1849087050625791       0.30445155172796734     
   69.622666666666717        6.2400653518246294       0.30679170348909207     
   70.222000000000051        6.5874983874894451       0.31625473851574637     
   70.821333333333385        5.7875491265578827       0.29711620671087802     
   71.420666666666719        6.1698743748065192       0.30749075243462182     
   72.020000000000053        6.4463268115337788       0.31615908395008679     
   72.619333333333387        5.8880585923476483       0.30307824420986873     
   73.218666666666721        6.0651106232273397       0.30731160234117127     
   73.818000000000055        6.1696395374388064       0.31139888605897331     
   74.417333333333389        6.5113559950766717       0.32012925370848283     
   75.016666666666723        6.4178162362889486       0.31865158133271415     
   75.616000000000057        6.4227236016532698       0.32008831223840761     
   76.215333333333390        6.7323577907111893       0.32820449251342892     
   76.814666666666724        6.5155852585431173       0.32310501305665557     
   77.414000000000058        7.0557573215791924       0.33678370310288558     
   78.013333333333392        6.2413709627918763       0.31747624299397570     
   78.612666666666726        6.4603201095693095       0.32358920709038369     
   79.212000000000060        6.8825129532093037       0.33552271577945680     
   79.811333333333394        6.2733799210666099       0.31993982072509142     
   80.410666666666728        6.4228709301366314       0.32418259456824239     
   81.010000000000062        6.9518816160545889       0.33769722567681348     
   81.609333333333396        6.5965031440589303       0.32999178421704628     
   82.208666666666730        6.5311724617916775       0.32838610070817958     
   82.808000000000064        6.5744848301401602       0.32972529883689600     
   83.407333333333398        7.0751129798316272       0.34246274878678373     
   84.006666666666732        6.6266212553706252       0.33191884788319381     
   84.606000000000066        6.6851315159623281       0.33400459862255011     
   85.205333333333400        6.4494564262096743       0.32848728080598039     
   85.804666666666733        7.1757638656899925       0.34651494039624281     
   86.404000000000067        6.8668362357692727       0.33926236937100274     
   87.003333333333401        7.4046866159370630       0.35182566081318334     
   87.602666666666735        6.4441000779537134       0.32864608811280599     
   88.202000000000069        6.4341404268075744       0.32899965760230038     
   88.801333333333403        7.0487822377950975       0.34363322836918453     
   89.400666666666737        6.7511962281695537       0.33646149415223253     
   90.000000000000071        6.6054952075396400       0.33425374980227407     
   90.599333333333405        7.2225851012775069       0.34918324916021470     
   91.198666666666739        7.0750948229359798       0.34450211785149137     
   91.798000000000073        6.3465702345708550       0.32624709335152358     
   92.397333333333407        6.9200142693795641       0.34022127189684775     
   92.996666666666741        6.5217955198432529       0.33044961726880528     
   93.596000000000075        6.7840305279051512       0.33641785075162600     
   94.195333333333409        6.0249079753756218       0.31829713002802484     
   94.794666666666743        6.3139571323379906       0.32414037025161857     
   95.394000000000077        6.3847241283235183       0.32604465802851496     
   95.993333333333410        6.8312500104504572       0.33833239176594759     
   96.592666666666744        6.5583058629636222       0.32933156940729669     
   97.192000000000078        6.6567077559612633       0.33175122661995721     
   97.791333333333412        6.5754209104734587       0.32893919470066668     
   98.390666666666746        6.0604572522753584       0.31577064007575922     
   98.990000000000080        6.6334405306648163       0.32935864129669146     
   99.589333333333414        6.3528684549635859       0.32189147150407899     
   100.18866666666675        5.8059998723518067       0.30760162492118553     
   100.78800000000008        7.2284121127753371       0.34228160858622009     
   101.38733333333342        6.3506044710562843       0.32094416641681417     
   101.98666666666675        6.4943104582068010       0.32325415046341877     
   102.58600000000008        7.1648220985699345       0.33850691176068248     
   103.18533333333342        6.0224712247652672       0.31000018951986907     
   103.78466666666675        6.3091320297785298       0.31681775328004641     
   104.38400000000009        6.6692848001539149       0.32474286164413024     
   104.98333333333342        6.6788539568980045       0.32404926351095181     
   105.58266666666675        5.7818632983106184       0.30084537531506966     
   106.18200000000009        6.3600543800518281       0.31617179788132899     
   106.78133333333342        6.3501880501060430       0.31373879379343289     
   107.38066666666676        6.2661699114083724       0.31112184681916405     
   107.98000000000009        6.6550065831205121       0.32023847774515662     
   108.57933333333342        6.1860511847929578       0.30752595249454578     
   109.17866666666676        6.4375460357389782       0.31234177890941567     
   109.77800000000009        6.3557489935258733       0.30984619255652684     
   110.37733333333343        6.7199318693202246       0.31784343763544776     
   110.97666666666676        6.1458365186130681       0.30289729553775147     
   111.57600000000009        5.7985132170808660       0.29304631918174484     
   112.17533333333343        6.2668021529331908       0.30369717477475844     
   112.77466666666676        6.8414550680616735       0.31652535034973378     
   113.37400000000009        6.5544033305551048       0.30931621049313496     
   113.97333333333343        6.1364640808405984       0.29773360909699276     
   114.57266666666676        6.2834023721683776       0.30026408790762038     
   115.17200000000010        6.0305557653043742       0.29364103738089548     
   115.77133333333343        5.5738132646743548       0.28168789183243365     
   116.37066666666676        5.8643071012856378       0.28726997319849995     
   116.97000000000010        5.8336273280467363       0.28576639438746748     
   117.56933333333343        5.8334492518164831       0.28575356398336516     
   118.16866666666677        6.0532419170414080       0.28893281957318018     
   118.76800000000010        5.9605458444452033       0.28582485260158585     
   119.36733333333343        6.0064444170325562       0.28604169030045551     
   119.96666666666677        5.6480258661608449       0.27700754121593535     
   120.56600000000010        5.6663380346122310       0.27590762230917804     
   121.16533333333344        5.4224373830821433       0.26889726928247681     
   121.76466666666677        5.5073795920872710       0.27011200119056905     
   122.36400000000010        5.9842469051079306       0.28052685827834412     
   122.96333333333344        5.8264224157865812       0.27589509591452815     
   123.56266666666677        5.4693964357822908       0.26663603854076506     
   124.16200000000011        5.5566732272285027       0.26927573894955398     
   124.76133333333344        5.4100342304874403       0.26342637980048111     
   125.36066666666677        5.5242187030260785       0.26520805764363664     
   125.96000000000011        5.4562484407406693       0.26225170300454298     
   126.55933333333344        5.7081939949193128       0.26729055015109887     
   127.15866666666678        5.3697815652144802       0.25899985748850096     
   127.75800000000011        5.4453258246497231       0.25932032128740468     
   128.35733333333343        4.8982825356020800       0.24565835015984139     
   128.95666666666676        5.2474318415375789       0.25280467810868079     
   129.55600000000010        5.1905624483857551       0.25124108885604407     
   130.15533333333343        4.7426355463346797       0.23998840421983580     
   130.75466666666676        5.1868687404556457       0.24901293175573108     
   131.35400000000010        4.4760761232824038       0.23070889109080697     
   131.95333333333343        4.7053313532349055       0.23538756578485817     
   132.55266666666677        4.6533811535613099       0.23337772008845808     
   133.15200000000010        4.9941214244014649       0.24088308852546358     
   133.75133333333343        4.9366477710648891       0.23867160637137821     
   134.35066666666677        5.2652908500421383       0.24600567110965665     
   134.95000000000010        4.9449189731653451       0.23794948716960812     
   135.54933333333344        4.8383173601588014       0.23446904708567751     
   136.14866666666677        4.8620524567010248       0.23396391192539642     
   136.74800000000010        4.7401949010331661       0.23108421752927608     
   137.34733333333344        4.2477654334223889       0.21720495379631988     
   137.94666666666677        4.4859805982175827       0.22301004000933142     
   138.54600000000011        3.9330868241128001       0.20808086628024014     
   139.14533333333344        4.0223092999554888       0.20957689860102460     
   139.74466666666677        4.3412705895906356       0.21690149093623184     
   140.34400000000011        4.1872125019626365       0.21243571559249141     
   140.94333333333344        3.9929906914777722       0.20720003742905757     
   141.54266666666678        4.3199481006389275       0.21449072461301738     
   142.14200000000011        4.0440944244042623       0.20733567990681609     
   142.74133333333344        4.0906738163557845       0.20753782902269946     
   143.34066666666678        3.8774372062310158       0.20147864813357727     
   143.94000000000011        4.4375336896699125       0.21504763656465289     
   144.53933333333345        3.7900853133804970       0.19856482354084173     
   145.13866666666678        3.9108078850881398       0.20076935572338106     
   145.73800000000011        3.5830511666404283       0.19173669227950657     
   146.33733333333345        3.4439949144984574       0.18784844610591869     
   146.93666666666678        4.0515290772369834       0.20267997420602901     
   147.53600000000012        3.5337483139637116       0.19019409203196949     
   148.13533333333345        3.6964479376945820       0.19259851801733899     
   148.73466666666678        3.7250032978563734       0.19277303706636220     
   149.33400000000012        3.5832703700340378       0.18877770745855713     
   149.93333333333345        3.5126904656606133       0.18663049472957732     
   150.53266666666678        3.1123024242485329       0.17508187977250708     
   151.13200000000012        3.1445030551481854       0.17550171314171784     
   151.73133333333345        3.0596576985672135       0.17294805156995202     
   152.33066666666679        2.9362719873641492       0.16898867691872740     
   152.93000000000012        3.2208787526237934       0.17647499949990944     
   153.52933333333345        2.9951191556434398       0.16984739125806012     
   154.12866666666679        2.9549761725331267       0.16839015222507986     
   154.72800000000012        2.9360326401914216       0.16813475999045335     
   155.32733333333346        2.9388137216516230       0.16746842196325057     
   155.92666666666679        2.8279336918452325       0.16412555910721574     
   156.52600000000012        2.4807966870896432       0.15306319021550577     
   157.12533333333346        2.7550188898384720       0.16154382561537595     
   157.72466666666679        2.5726511467106925       0.15549064542301383     
   158.32400000000013        2.8166380260759611       0.16237389008957301     
   158.92333333333346        2.6560517668672876       0.15738321094472091     
   159.52266666666679        2.1670931419261095       0.14211078348524434     
   160.12200000000013        2.0840727086577093       0.13909135346892942     
   160.72133333333346        2.1420004464309641       0.14107552701869103     
   161.32066666666680        2.3684926698892825       0.14755243979210644     
   161.92000000000013        2.0590187648770208       0.13741968563280083     
   162.51933333333346        2.1713636807975107       0.14147612445289712     
   163.11866666666680        1.6899154774894660       0.12413004890106036     
   163.71800000000013        2.1055993522327010       0.13837802833339893     
   164.31733333333347        1.9680337951488311       0.13438621596411640     
   164.91666666666680        1.8892008300693011       0.13117157834043944     
   165.51600000000013        1.6856785966382046       0.12348465941641516     
   166.11533333333347        1.6279963885117614       0.12123412855692653     
   166.71466666666680        1.5804809857459463       0.11936816368134169     
   167.31400000000014        1.5938272941959555       0.11969303592454490     
   167.91333333333347        1.2977197987286671       0.10806499257362934     
   168.51266666666680        1.3302534776841197       0.10926482059944044     
   169.11200000000014        1.3413430966605118       0.10943790032437216     
   169.71133333333347        1.3125328831648786       0.10817614605228668     
   170.31066666666680        1.2817035552938905       0.10673168120579739     
   170.91000000000014        1.0238711389726336        9.5421450498332158E-002
   171.50933333333347       0.95775174416641029        9.2539366330561978E-002
   172.10866666666681       0.71848928112244204        8.0803580798826102E-002
   172.70800000000014       0.96376310077982141        9.3119745411719662E-002
   173.30733333333347       0.66178073720545472        7.6901649328160085E-002
   173.90666666666681       0.83036875391215426        8.5605720212204167E-002
   174.50600000000014       0.67474797604902492        7.7369297271263460E-002
   175.10533333333348       0.50088820927816124        6.6914983986545440E-002
   175.70466666666681       0.43344456564787970        6.1905416443496612E-002
   176.30400000000014       0.47984557676018474        6.6524470723222928E-002
   176.90333333333348       0.41057989669096218        6.0522577148566285E-002
   177.50266666666681       0.32843067013749533        5.3983587071498799E-002
   178.10200000000015       0.18654597057953151        4.0703349319354390E-002
   178.70133333333348       0.17839930197892834        3.9887248313844000E-002
   179.30066666666681        6.4967313301637963E-002   2.4554428746791111E-002
