 -0.99999847691328769        410.03256873008257        18.021419470070473     
 -0.99333182040053247        421.98435101170401        18.298560124890717     
 -0.98666516388777725        401.96567078256447        17.931384386272818     
 -0.97999850737502203        390.89949971919833        17.725109960590174     
 -0.97333185086226681        402.20766843657736        18.033093511420720     
 -0.96666519434951159        389.21138544767194        17.815690758232929     
 -0.95999853783675637        401.01127678692757        18.127209502922231     
 -0.95333188132400115        386.74066235484429        17.854365765465840     
 -0.94666522481124593        356.25144933029372        17.203303807330528     
 -0.93999856829849071        410.47648299861868        18.497953056661977     
 -0.93333191178573549        385.59615585861542        17.996119595051614     
 -0.92666525527298027        428.30461528948143        19.029973852895807     
 -0.91999859876022505        374.78318683761563        17.848105709202287     
 -0.91333194224746983        381.19445035814721        18.050488221159629     
 -0.90666528573471461        377.31958866803308        18.010184467609793     
 -0.89999862922195939        428.77195480270609        19.263222003222229     
 -0.89333197270920417        376.46832196959355        18.115794237669498     
 -0.88666531619644895        372.76707006916530        18.086123515339285     
 -0.87999865968369373        397.36742299291620        18.773613993113344     
 -0.87333200317093851        393.85599691334568        18.734785448002114     
 -0.86666534665818329        373.18339326139608        18.258691118597021     
 -0.85999869014542807        383.88774656987721        18.581609723044370     
 -0.85333203363267285        400.83122903228428        19.023425254954901     
 -0.84666537711991763        371.55420914997796        18.379732388145996     
 -0.83999872060716241        371.25097047498338        18.433042372236038     
 -0.83333206409440719        386.29915360704177        18.877559244331703     
 -0.82666540758165197        376.10740453985312        18.651069697647653     
 -0.81999875106889675        375.82689721298647        18.706832768658174     
 -0.81333209455614153        383.85161780601953        18.987961735671391     
 -0.80666543804338631        396.86465725986636        19.370552802914130     
 -0.79999878153063109        387.41077194889891        19.306980422288138     
 -0.79333212501787587        439.14209934057169        20.495063437708190     
 -0.78666546850512065        422.15478200000064        20.127104471344158     
 -0.77999881199236543        443.89609052638519        20.694362876325179     
 -0.77333215547961021        387.40366229703335        19.429069638743144     
 -0.76666549896685499        370.73258678536064        19.032377105674435     
 -0.75999884245409977        381.11129599109324        19.360573621245511     
 -0.75333218594134455        408.67107780638571        20.116746069270107     
 -0.74666552942858933        389.74069002440024        19.722047417523175     
 -0.73999887291583410        361.87139445732845        19.064430165731412     
 -0.73333221640307888        383.11806662465125        19.720336003575518     
 -0.72666555989032366        415.70524504818184        20.538365836188653     
 -0.71999890337756844        430.09906822045258        20.942515552674823     
 -0.71333224686481322        394.84613268791861        20.110712169533095     
 -0.70666559035205800        354.23178855566215        19.121862305013419     
 -0.69999893383930278        390.74483520691103        20.166992030141678     
 -0.69333227732654756        386.20543999143047        20.067944309556097     
 -0.68666562081379234        392.39443035297012        20.361586168482969     
 -0.67999896430103712        389.97404840055157        20.346725199586732     
 -0.67333230778828190        367.16536874274664        19.762102765674477     
 -0.66666565127552668        405.71313638673786        20.828098067469991     
 -0.65999899476277146        400.78776096207775        20.769145625487269     
 -0.65333233825001624        378.47018823530777        20.223655202974385     
 -0.64666568173726102        373.46552913217590        20.160091650134948     
 -0.63999902522450580        366.06568645358288        19.996765773729305     
 -0.63333236871175058        394.51979379540052        20.813687185419951     
 -0.62666571219899536        392.54363726357025        21.035522487204648     
 -0.61999905568624014        351.21281896379111        19.757417647167227     
 -0.61333239917348492        344.15369410016484        19.643746153873991     
 -0.60666574266072970        381.74000489717031        20.728747023136787     
 -0.59999908614797448        395.36403619613253        21.156759195055486     
 -0.59333242963521926        332.91599933623672        19.554685672533239     
 -0.58666577312246404        394.09841672645604        21.242711257467871     
 -0.57999911660970882        344.75685543138195        19.941341876774128     
 -0.57333246009695360        367.85138841720061        20.627781705309449     
 -0.56666580358419838        373.41948259894752        20.906743341660526     
 -0.55999914707144316        415.75049310222272        22.026555499797503     
 -0.55333249055868794        364.54715423514403        20.706246623370529     
 -0.54666583404593272        369.30876467845491        20.875357369655379     
 -0.53999917753317750        361.38186348776952        20.729308686512848     
 -0.53333252102042228        381.99229243514935        21.386844605217835     
 -0.52666586450766706        366.99857124769551        20.982187617587712     
 -0.51999920799491184        427.84661907408781        22.796307319735241     
 -0.51333255148215662        370.02338472749130        21.189956932020191     
 -0.50666589496940140        419.71929204534297        22.623735761608298     
 -0.49999923845664612        364.54230226758926        21.157104304241322     
 -0.49333258194389085        401.88846770228560        22.222253443883925     
 -0.48666592543113557        356.76733867854296        21.139763495155385     
 -0.47999926891838030        370.33149226337525        21.493061882898676     
 -0.47333261240562502        427.34184436206243        23.102319366686032     
 -0.46666595589286974        368.07256182450288        21.508280380571534     
 -0.45999929938011447        352.68903588806296        21.123349946515436     
 -0.45333264286735919        393.25675064647515        22.446159921990596     
 -0.44666598635460392        380.75756808634736        22.098037794357044     
 -0.43999932984184864        352.80548935567913        21.284411023248950     
 -0.43333267332909337        355.64772171469713        21.377895065446115     
 -0.42666601681633809        383.83489505388854        22.314547351043760     
 -0.41999936030358281        370.60190894945902        21.921233774028135     
 -0.41333270379082754        390.18139052730442        22.531019004501577     
 -0.40666604727807226        383.65456995111140        22.457296524610040     
 -0.39999939076531699        389.90743347730148        22.667653806252744     
 -0.39333273425256171        354.75199564791615        21.640844829959217     
 -0.38666607773980644        378.55252242711174        22.391533917217732     
 -0.37999942122705116        366.89302556419460        22.134306216725538     
 -0.37333276471429588        388.07616592340713        22.834448852724790     
 -0.36666610820154061        399.63397430229827        23.193711086220858     
 -0.35999945168878533        407.76536326037035        23.428796611328185     
 -0.35333279517603006        354.34140535089972        21.904497359194881     
 -0.34666613866327478        375.79374438336515        22.588865795356870     
 -0.33999948215051951        400.17449604750658        23.424255974067464     
 -0.33333282563776423        389.54374045135518        23.082308144006614     
 -0.32666616912500895        340.03505534768243        21.653040838152350     
 -0.31999951261225368        367.33233677732210        22.492625321944118     
 -0.31333285609949840        393.41919958794875        23.436097521611039     
 -0.30666619958674313        376.62355169817994        22.932038398163236     
 -0.29999954307398785        359.12774026771814        22.460509148381533     
 -0.29333288656123258        348.35379560184458        22.137644010561299     
 -0.28666623004847730        365.41370934577532        22.632519864475860     
 -0.27999957353572202        381.03131326537732        23.200482123876878     
 -0.27333291702296675        370.67851365296707        23.002648866228068     
 -0.26666626051021147        374.40033092383038        23.099996641755695     
 -0.25999960399745620        406.21103640894182        24.027508272587241     
 -0.25333294748470092        377.64239430153106        23.211527857800672     
 -0.24666629097194567        378.71010582948122        23.321366692941847     
 -0.23999963445919043        414.01726741107416        24.403417030323453     
 -0.23333297794643518        356.76906010814713        22.764890201742332     
 -0.22666632143367993        360.46086519064505        22.906932436976476     
 -0.21999966492092468        468.27317507632597        26.013247235411857     
 -0.21333300840816943        382.21281668106133        23.537207507780604     
 -0.20666635189541419        345.28543070214857        22.402077578364434     
 -0.19999969538265894        389.99694682331551        23.835502545642242     
 -0.19333303886990369        377.96962222250403        23.500930538514968     
 -0.18666638235714844        382.26856634665188        23.722016180872480     
 -0.17999972584439319        410.48219990046715        24.629000061720760     
 -0.17333306933163795        355.08110744208642        22.845183286614585     
 -0.16666641281888270        383.05926766480542        23.863536738201706     
 -0.15999975630612745        366.69720365265204        23.256392579596845     
 -0.15333309979337220        440.94235806107054        25.677963465875354     
 -0.14666644328061695        352.89133754271404        22.895476239689266     
 -0.13999978676786171        411.35038152090607        24.771006969481476     
 -0.13333313025510646        369.63157643903708        23.442469391681410     
 -0.12666647374235121        381.81527977111477        23.832879932990789     
 -0.11999981722959596        365.96816005690027        23.399982027072845     
 -0.11333316071684071        408.51812639895394        24.690841627311972     
 -0.10666650420408547        370.32625643673214        23.534136174314309     
  -9.9999847691330218E-002   425.43479065221021        25.253563648864088     
  -9.3333191178574970E-002   376.49650733366462        23.781846174255175     
  -8.6666534665819722E-002   410.41340662133439        24.850959273491075     
  -7.9999878153064474E-002   334.05019591135527        22.445680830220855     
  -7.3333221640309226E-002   405.16866247961065        24.809032138760696     
  -6.6666565127553978E-002   421.74702869495684        25.213971341562615     
  -5.9999908614798730E-002   382.84466249848742        24.038662762029166     
  -5.3333252102043482E-002   427.07592975640421        25.351075479381795     
  -4.6666595589288234E-002   421.79966376399994        25.217184729394489     
  -3.9999939076532987E-002   348.23526452628266        22.935469834445438     
  -3.3333282563777739E-002   368.66931313781771        23.670034779266576     
  -2.6666626051022487E-002   387.19218062301780        24.215842682450774     
  -1.9999969538267236E-002   372.03372925721914        23.690805145313742     
  -1.3333313025511984E-002   429.82046510214457        25.468881579887309     
  -6.6666565127567329E-003   377.19907436179386        23.874193265215336     
  -1.4814538484841933E-015   381.70224851216392        24.207512078611330     
   6.6666565127537700E-003   392.30194366339492        24.439362367267393     
   1.3333313025509021E-002   413.05015103963865        25.056715626892171     
   1.9999969538264273E-002   417.23394533151821        25.125407382171488     
   2.6666626051019524E-002   363.38808706467177        23.428380401875515     
   3.3333282563774776E-002   403.21682753070553        24.689790614186425     
   3.9999939076530031E-002   365.53263644129112        23.468865151467845     
   4.6666595589285279E-002   394.36611203586307        24.425565213480834     
   5.3333252102040526E-002   368.75449646064999        23.578204494806553     
   5.9999908614795774E-002   399.29745100137160        24.496124142676464     
   6.6666565127551022E-002   385.35962616150721        24.101249130592738     
   7.3333221640306270E-002   350.12648855741406        23.110063459291208     
   7.9999878153061518E-002   354.75680928964289        23.163784386638500     
   8.6666534665816766E-002   367.82787323087535        23.470847189892673     
   9.3333191178572014E-002   370.15027539143847        23.618821019448951     
   9.9999847691327262E-002   372.33526628743232        23.613896007352807     
  0.10666650420408251        400.81304030213346        24.588727415475965     
  0.11333316071683776        364.48459178057499        23.305238138619156     
  0.11999981722959301        403.20293319986860        24.504944343978387     
  0.12666647374234827        364.16590860614201        23.284798698904492     
  0.13333313025510352        362.80853643309075        23.198067591672800     
  0.13999978676785876        407.49377326952538        24.628750122613113     
  0.14666644328061401        359.35429013696393        23.072121156566958     
  0.15333309979336926        360.65491019884553        23.060376298786714     
  0.15999975630612451        382.58401371152888        23.741764953404285     
  0.16666641281887976        372.78084735033525        23.499905462702685     
  0.17333306933163500        357.14230362498694        22.882822132850457     
  0.17999972584439025        329.20008693187270        21.970891554117191     
  0.18666638235714550        415.99547599023077        24.649652967903332     
  0.19333303886990075        401.22208225452948        24.338970852025753     
  0.19999969538265600        376.12709449249849        23.431823404140079     
  0.20666635189541124        370.77617031472261        23.189237084994861     
  0.21333300840816649        417.45341343728126        24.605948501239673     
  0.21999966492092174        418.75220125500977        24.554298363892762     
  0.22666632143367699        363.35224146623193        22.860148149258261     
  0.23333297794643224        369.86413724549061        23.041764064341667     
  0.23999963445918748        367.03178525183637        22.954950493576188     
  0.24666629097194273        384.60905274419815        23.418424276231828     
  0.25333294748469798        378.84642760428977        23.197637729267079     
  0.25999960399745325        408.45908517722506        24.075855685031932     
  0.26666626051020853        349.56063331082356        22.214519152005906     
  0.27333291702296381        357.29454071176770        22.434441880278573     
  0.27999957353571908        387.42098578355996        23.415448116755147     
  0.28666623004847436        397.03169432702100        23.567613456684917     
  0.29333288656122963        371.61644015126183        22.754919904323895     
  0.29999954307398491        375.01870284453844        22.877018963828149     
  0.30666619958674018        407.15718878497790        23.751418679848605     
  0.31333285609949546        380.55936043332241        22.958738914239539     
  0.31999951261225074        342.32748906973529        21.710767752407094     
  0.32666616912500601        409.73323171749064        23.739588573306936     
  0.33333282563776129        394.68495305081348        23.183196412127856     
  0.33999948215051656        392.75754788973427        23.110036962635910     
  0.34666613866327184        421.54845873742607        23.905078196351177     
  0.35333279517602711        380.12411069097260        22.644358909750238     
  0.35999945168878239        383.18284568276482        22.745378115398708     
  0.36666610820153767        346.08763617903679        21.518619457810733     
  0.37333276471429294        391.98790175508333        22.827574021995584     
  0.37999942122704822        389.04624461676593        22.695008171116260     
  0.38666607773980349        405.24460093862393        23.130764627250382     
  0.39333273425255877        453.57898593006257        24.448742899867803     
  0.39999939076531404        381.79984369187605        22.387389010621764     
  0.40666604727806932        385.82230065754726        22.430220923750095     
  0.41333270379082460        418.23132819557651        23.269581619102691     
  0.41999936030357987        371.13396832362019        21.875899142832118     
  0.42666601681633515        390.34685415298753        22.465093393373806     
  0.43333267332909042        350.80988851183389        21.202909192848196     
  0.43999932984184570        372.43029859600381        21.763004437165520     
  0.44666598635460097        368.45087284552852        21.604768208669977     
  0.45333264286735625        379.56099490599991        21.881041888348708     
  0.45999929938011153        362.57667989654811        21.408691149829270     
  0.46666595589286680        403.67561130166501        22.529745404535497     
  0.47333261240562208        398.45743073331329        22.238794226441883     
  0.47999926891837735        395.46977711841760        22.106709371992050     
  0.48666592543113263        390.32134348578467        21.922520663130104     
  0.49333258194388790        388.15074174893527        21.800631030147798     
  0.49999923845664318        368.13739867650543        21.222365374125776     
  0.50666589496939840        385.34491809922224        21.608781390244026     
  0.51333255148215362        370.99956325453689        21.176068564714267     
  0.51999920799490884        357.10774755692967        20.690711121618381     
  0.52666586450766406        364.27015663403586        20.860498148880740     
  0.53333252102041928        417.90664763131161        22.267009199578574     
  0.53999917753317450        399.06712530219681        21.701896516324059     
  0.54666583404592972        395.96077020312072        21.597249247997169     
  0.55333249055868494        363.98154478058206        20.640625331807122     
  0.55999914707144016        403.92783524007092        21.709016833066908     
  0.56666580358419538        383.78380478279331        21.091593476854797     
  0.57333246009695060        372.15444452067862        20.705852752528337     
  0.57999911660970582        387.29147624367789        21.061442282977488     
  0.58666577312246104        393.09302195914614        21.126900584352803     
  0.59333242963521626        405.36238349142502        21.415668575042204     
  0.59999908614797148        380.91958616207251        20.684274480655013     
  0.60666574266072670        405.45340216175947        21.330608642329697     
  0.61333239917348192        380.18788176067756        20.553199381541045     
  0.61999905568623714        387.41121434863680        20.790947863872546     
  0.62666571219899236        371.40056601489249        20.197375964393085     
  0.63333236871174758        371.78650056511151        20.158410906759975     
  0.63999902522450280        383.55117540827632        20.465586357125101     
  0.64666568173725802        365.28373650706345        19.923932005190967     
  0.65333233825001324        398.30438205651603        20.696546163324896     
  0.65999899476276846        348.04988737263659        19.304687615380526     
  0.66666565127552369        364.84784037575508        19.694910761034009     
  0.67333230778827891        343.02382024647994        19.026009497239073     
  0.67999896430103413        396.11389906944567        20.389563566178762     
  0.68666562081378935        364.35266514016473        19.497358045524340     
  0.69333227732654457        427.90083418738010        21.063370397088551     
  0.69999893383929979        417.04922685223517        20.758568991492172     
  0.70666559035205501        403.23946938642968        20.378776900314239     
  0.71333224686481023        386.02618323814949        19.870184379983176     
  0.71999890337756545        409.17968960077610        20.366929272904727     
  0.72666555989032067        385.16456110699409        19.772954714972304     
  0.73333221640307589        390.76310543125135        19.773927674753825     
  0.73999887291583111        383.09772193816343        19.589019983970495     
  0.74666552942858633        352.54630083984540        18.704340673136677     
  0.75333218594134155        358.62511982328994        18.788716904337591     
  0.75999884245409677        359.34401959466919        18.748789569399001     
  0.76666549896685199        387.15806007723501        19.392312711766628     
  0.77333215547960721        373.33665096802429        18.990331977231129     
  0.77999881199236243        368.24654976238281        18.805104514546617     
  0.78666546850511765        409.64678677841573        19.804971238613714     
  0.79333212501787287        381.87215886004066        19.031509535156907     
  0.79999878153062809        384.07751218582229        19.046201871714029     
  0.80666543804338331        399.73235480220768        19.348625610294597     
  0.81333209455613853        395.52966646436181        19.213326216171808     
  0.81999875106889375        396.30076025111583        19.159857153660674     
  0.82666540758164897        364.50897304051682        18.327431054520318     
  0.83333206409440419        381.49682572199538        18.710553913087026     
  0.83999872060715941        411.86219185144955        19.350021883936527     
  0.84666537711991463        388.37642179679085        18.732649290432988     
  0.85333203363266985        414.38671704904772        19.276420661334477     
  0.85999869014542507        413.41044778674967        19.209978535926922     
  0.86666534665818029        376.87606680639499        18.285537503422447     
  0.87333200317093551        370.67674386865855        18.070790054844213     
  0.87999865968369073        372.88474436749783        18.091823189641580     
  0.88666531619644595        402.23087890264253        18.710922550447126     
  0.89333197270920117        381.46344585183840        18.166259356433635     
  0.89999862922195639        389.79192292555405        18.313130147153768     
  0.90666528573471161        403.07648130988105        18.588427796815274     
  0.91333194224746683        385.73518453637109        18.102409046384977     
  0.91999859876022205        399.21644885333347        18.410303538509286     
  0.92666525527297727        424.15471080885999        18.883257701668686     
  0.93333191178573249        396.26998173614186        18.196624234295669     
  0.93999856829848771        355.08973518626533        17.187621961360648     
  0.94666522481124293        398.24437512972315        18.114645866085745     
  0.95333188132399815        398.18916278623169        18.055658488710041     
  0.95999853783675337        431.06682132612832        18.727996351334895     
  0.96666519434950859        394.17931976087880        17.873734043158141     
  0.97333185086226381        399.94302141519699        17.949681899218735     
  0.97999850737501903        426.26898918285161        18.449309102841813     
  0.98666516388777425        383.64923424296455        17.450791690403978     
  0.99333182040052947        409.05484715267130        17.961123876829344     
