  0.21131675000000000        0.0000000000000000        0.0000000000000000     
  0.21131902750000001        0.0000000000000000        0.0000000000000000     
  0.21132130500000001        0.0000000000000000        0.0000000000000000     
  0.21132358250000002        0.0000000000000000        0.0000000000000000     
  0.21132586000000003        0.0000000000000000        0.0000000000000000     
  0.21132813750000004        0.0000000000000000        0.0000000000000000     
  0.21133041500000005        0.0000000000000000        0.0000000000000000     
  0.21133269250000006        0.0000000000000000        0.0000000000000000     
  0.21133497000000007        0.0000000000000000        0.0000000000000000     
  0.21133724750000007        0.0000000000000000        0.0000000000000000     
  0.21133952500000008        0.0000000000000000        0.0000000000000000     
  0.21134180250000009        0.0000000000000000        0.0000000000000000     
  0.21134408000000010        0.0000000000000000        0.0000000000000000     
  0.21134635750000011        0.0000000000000000        0.0000000000000000     
  0.21134863500000012        0.0000000000000000        0.0000000000000000     
  0.21135091250000013        0.0000000000000000        0.0000000000000000     
  0.21135319000000014        0.0000000000000000        0.0000000000000000     
  0.21135546750000014        0.0000000000000000        0.0000000000000000     
  0.21135774500000015        0.0000000000000000        0.0000000000000000     
  0.21136002250000016        0.0000000000000000        0.0000000000000000     
  0.21136230000000017        0.0000000000000000        0.0000000000000000     
  0.21136457750000018        0.0000000000000000        0.0000000000000000     
  0.21136685500000019        0.0000000000000000        0.0000000000000000     
  0.21136913250000020        0.0000000000000000        0.0000000000000000     
  0.21137141000000020        0.0000000000000000        0.0000000000000000     
  0.21137368750000021        0.0000000000000000        0.0000000000000000     
  0.21137596500000022        0.0000000000000000        0.0000000000000000     
  0.21137824250000023        0.0000000000000000        0.0000000000000000     
  0.21138052000000024        0.0000000000000000        0.0000000000000000     
  0.21138279750000025        0.0000000000000000        0.0000000000000000     
  0.21138507500000026        0.0000000000000000        0.0000000000000000     
  0.21138735250000026        0.0000000000000000        0.0000000000000000     
  0.21138963000000027        0.0000000000000000        0.0000000000000000     
  0.21139190750000028        0.0000000000000000        0.0000000000000000     
  0.21139418500000029        0.0000000000000000        0.0000000000000000     
  0.21139646250000030        0.0000000000000000        0.0000000000000000     
  0.21139874000000031        0.0000000000000000        0.0000000000000000     
  0.21140101750000032        0.0000000000000000        0.0000000000000000     
  0.21140329500000032        0.0000000000000000        0.0000000000000000     
  0.21140557250000033        0.0000000000000000        0.0000000000000000     
  0.21140785000000034        0.0000000000000000        0.0000000000000000     
  0.21141012750000035        0.0000000000000000        0.0000000000000000     
  0.21141240500000036        0.0000000000000000        0.0000000000000000     
  0.21141468250000037        0.0000000000000000        0.0000000000000000     
  0.21141696000000038        0.0000000000000000        0.0000000000000000     
  0.21141923750000038        0.0000000000000000        0.0000000000000000     
  0.21142151500000039        0.0000000000000000        0.0000000000000000     
  0.21142379250000040        0.0000000000000000        0.0000000000000000     
  0.21142607000000041        0.0000000000000000        0.0000000000000000     
  0.21142834750000042        0.0000000000000000        0.0000000000000000     
  0.21143062500000043        0.0000000000000000        0.0000000000000000     
  0.21143290250000044        0.0000000000000000        0.0000000000000000     
  0.21143518000000044        0.0000000000000000        0.0000000000000000     
  0.21143745750000045        0.0000000000000000        0.0000000000000000     
  0.21143973500000046        0.0000000000000000        0.0000000000000000     
  0.21144201250000047        0.0000000000000000        0.0000000000000000     
  0.21144429000000048        0.0000000000000000        0.0000000000000000     
  0.21144656750000049        0.0000000000000000        0.0000000000000000     
  0.21144884500000050        0.0000000000000000        0.0000000000000000     
  0.21145112250000050        0.0000000000000000        0.0000000000000000     
  0.21145340000000051        0.0000000000000000        0.0000000000000000     
  0.21145567750000052        0.0000000000000000        0.0000000000000000     
  0.21145795500000053        0.0000000000000000        0.0000000000000000     
  0.21146023250000054        0.0000000000000000        0.0000000000000000     
  0.21146251000000055        0.0000000000000000        0.0000000000000000     
  0.21146478750000056        0.0000000000000000        0.0000000000000000     
  0.21146706500000056        0.0000000000000000        0.0000000000000000     
  0.21146934250000057        0.0000000000000000        0.0000000000000000     
  0.21147162000000058        0.0000000000000000        0.0000000000000000     
  0.21147389750000059        0.0000000000000000        0.0000000000000000     
  0.21147617500000060        0.0000000000000000        0.0000000000000000     
  0.21147845250000061        0.0000000000000000        0.0000000000000000     
  0.21148073000000062        0.0000000000000000        0.0000000000000000     
  0.21148300750000062        0.0000000000000000        0.0000000000000000     
  0.21148528500000063        0.0000000000000000        0.0000000000000000     
  0.21148756250000064        0.0000000000000000        0.0000000000000000     
  0.21148984000000065        0.0000000000000000        0.0000000000000000     
  0.21149211750000066        0.0000000000000000        0.0000000000000000     
  0.21149439500000067        0.0000000000000000        0.0000000000000000     
  0.21149667250000068        0.0000000000000000        0.0000000000000000     
  0.21149895000000069        0.0000000000000000        0.0000000000000000     
  0.21150122750000069        0.0000000000000000        0.0000000000000000     
  0.21150350500000070        0.0000000000000000        0.0000000000000000     
  0.21150578250000071        0.0000000000000000        0.0000000000000000     
  0.21150806000000072        0.0000000000000000        0.0000000000000000     
  0.21151033750000073        0.0000000000000000        0.0000000000000000     
  0.21151261500000074        0.0000000000000000        0.0000000000000000     
  0.21151489250000075        0.0000000000000000        0.0000000000000000     
  0.21151717000000075        0.0000000000000000        0.0000000000000000     
  0.21151944750000076        0.0000000000000000        0.0000000000000000     
  0.21152172500000077        0.0000000000000000        0.0000000000000000     
  0.21152400250000078        0.0000000000000000        0.0000000000000000     
  0.21152628000000079        0.0000000000000000        0.0000000000000000     
  0.21152855750000080        0.0000000000000000        0.0000000000000000     
  0.21153083500000081        0.0000000000000000        0.0000000000000000     
  0.21153311250000081        0.0000000000000000        0.0000000000000000     
  0.21153539000000082        0.0000000000000000        0.0000000000000000     
  0.21153766750000083        0.0000000000000000        0.0000000000000000     
  0.21153994500000084        0.0000000000000000        0.0000000000000000     
  0.21154222250000085        0.0000000000000000        0.0000000000000000     
  0.21154450000000086        0.0000000000000000        0.0000000000000000     
  0.21154677750000087        0.0000000000000000        0.0000000000000000     
  0.21154905500000087        0.0000000000000000        0.0000000000000000     
  0.21155133250000088        0.0000000000000000        0.0000000000000000     
  0.21155361000000089        0.0000000000000000        0.0000000000000000     
  0.21155588750000090        0.0000000000000000        0.0000000000000000     
  0.21155816500000091        0.0000000000000000        0.0000000000000000     
  0.21156044250000092        0.0000000000000000        0.0000000000000000     
  0.21156272000000093        0.0000000000000000        0.0000000000000000     
  0.21156499750000093        0.0000000000000000        0.0000000000000000     
  0.21156727500000094        0.0000000000000000        0.0000000000000000     
  0.21156955250000095        0.0000000000000000        0.0000000000000000     
  0.21157183000000096        0.0000000000000000        0.0000000000000000     
  0.21157410750000097        0.0000000000000000        0.0000000000000000     
  0.21157638500000098        0.0000000000000000        0.0000000000000000     
  0.21157866250000099        0.0000000000000000        0.0000000000000000     
  0.21158094000000099        0.0000000000000000        0.0000000000000000     
  0.21158321750000100        0.0000000000000000        0.0000000000000000     
  0.21158549500000101        0.0000000000000000        0.0000000000000000     
  0.21158777250000102        0.0000000000000000        0.0000000000000000     
  0.21159005000000103        0.0000000000000000        0.0000000000000000     
  0.21159232750000104        0.0000000000000000        0.0000000000000000     
  0.21159460500000105        0.0000000000000000        0.0000000000000000     
  0.21159688250000105        0.0000000000000000        0.0000000000000000     
  0.21159916000000106        0.0000000000000000        0.0000000000000000     
  0.21160143750000107        0.0000000000000000        0.0000000000000000     
  0.21160371500000108        0.0000000000000000        0.0000000000000000     
  0.21160599250000109        0.0000000000000000        0.0000000000000000     
  0.21160827000000110        0.0000000000000000        0.0000000000000000     
  0.21161054750000111        0.0000000000000000        0.0000000000000000     
  0.21161282500000111        0.0000000000000000        0.0000000000000000     
  0.21161510250000112        0.0000000000000000        0.0000000000000000     
  0.21161738000000113        0.0000000000000000        0.0000000000000000     
  0.21161965750000114        0.0000000000000000        0.0000000000000000     
  0.21162193500000115        0.0000000000000000        0.0000000000000000     
  0.21162421250000116        0.0000000000000000        0.0000000000000000     
  0.21162649000000117        0.0000000000000000        0.0000000000000000     
  0.21162876750000117        0.0000000000000000        0.0000000000000000     
  0.21163104500000118        0.0000000000000000        0.0000000000000000     
  0.21163332250000119        0.0000000000000000        0.0000000000000000     
  0.21163560000000120        0.0000000000000000        0.0000000000000000     
  0.21163787750000121        0.0000000000000000        0.0000000000000000     
  0.21164015500000122        0.0000000000000000        0.0000000000000000     
  0.21164243250000123        0.0000000000000000        0.0000000000000000     
  0.21164471000000123        0.0000000000000000        0.0000000000000000     
  0.21164698750000124        0.0000000000000000        0.0000000000000000     
  0.21164926500000125        0.0000000000000000        0.0000000000000000     
  0.21165154250000126        0.0000000000000000        0.0000000000000000     
  0.21165382000000127        0.0000000000000000        0.0000000000000000     
  0.21165609750000128        0.0000000000000000        0.0000000000000000     
  0.21165837500000129        0.0000000000000000        0.0000000000000000     
  0.21166065250000130        0.0000000000000000        0.0000000000000000     
  0.21166293000000130        0.0000000000000000        0.0000000000000000     
  0.21166520750000131        0.0000000000000000        0.0000000000000000     
  0.21166748500000132        0.0000000000000000        0.0000000000000000     
  0.21166976250000133        0.0000000000000000        0.0000000000000000     
  0.21167204000000134        0.0000000000000000        0.0000000000000000     
  0.21167431750000135        0.0000000000000000        0.0000000000000000     
  0.21167659500000136        0.0000000000000000        0.0000000000000000     
  0.21167887250000136        0.0000000000000000        0.0000000000000000     
  0.21168115000000137        0.0000000000000000        0.0000000000000000     
  0.21168342750000138        0.0000000000000000        0.0000000000000000     
  0.21168570500000139        0.0000000000000000        0.0000000000000000     
  0.21168798250000140        0.0000000000000000        0.0000000000000000     
  0.21169026000000141        0.0000000000000000        0.0000000000000000     
  0.21169253750000142        0.0000000000000000        0.0000000000000000     
  0.21169481500000142        0.0000000000000000        0.0000000000000000     
  0.21169709250000143        0.0000000000000000        0.0000000000000000     
  0.21169937000000144        0.0000000000000000        0.0000000000000000     
  0.21170164750000145        0.0000000000000000        0.0000000000000000     
  0.21170392500000146        0.0000000000000000        0.0000000000000000     
  0.21170620250000147        0.0000000000000000        0.0000000000000000     
  0.21170848000000148        0.0000000000000000        0.0000000000000000     
  0.21171075750000148        0.0000000000000000        0.0000000000000000     
  0.21171303500000149        0.0000000000000000        0.0000000000000000     
  0.21171531250000150        0.0000000000000000        0.0000000000000000     
  0.21171759000000151        0.0000000000000000        0.0000000000000000     
  0.21171986750000152        0.0000000000000000        0.0000000000000000     
  0.21172214500000153        0.0000000000000000        0.0000000000000000     
  0.21172442250000154        0.0000000000000000        0.0000000000000000     
  0.21172670000000154        0.0000000000000000        0.0000000000000000     
  0.21172897750000155        0.0000000000000000        0.0000000000000000     
  0.21173125500000156        0.0000000000000000        0.0000000000000000     
  0.21173353250000157        0.0000000000000000        0.0000000000000000     
  0.21173581000000158        0.0000000000000000        0.0000000000000000     
  0.21173808750000159        0.0000000000000000        0.0000000000000000     
  0.21174036500000160        0.0000000000000000        0.0000000000000000     
  0.21174264250000160        0.0000000000000000        0.0000000000000000     
  0.21174492000000161        0.0000000000000000        0.0000000000000000     
  0.21174719750000162        0.0000000000000000        0.0000000000000000     
  0.21174947500000163        0.0000000000000000        0.0000000000000000     
  0.21175175250000164        0.0000000000000000        0.0000000000000000     
  0.21175403000000165        0.0000000000000000        0.0000000000000000     
  0.21175630750000166        0.0000000000000000        0.0000000000000000     
  0.21175858500000166        0.0000000000000000        0.0000000000000000     
  0.21176086250000167        0.0000000000000000        0.0000000000000000     
  0.21176314000000168        0.0000000000000000        0.0000000000000000     
  0.21176541750000169        0.0000000000000000        0.0000000000000000     
  0.21176769500000170        0.0000000000000000        0.0000000000000000     
  0.21176997250000171        0.0000000000000000        0.0000000000000000     
  0.21177225000000172        0.0000000000000000        0.0000000000000000     
  0.21177452750000172        0.0000000000000000        0.0000000000000000     
  0.21177680500000173        0.0000000000000000        0.0000000000000000     
  0.21177908250000174        0.0000000000000000        0.0000000000000000     
  0.21178136000000175        0.0000000000000000        0.0000000000000000     
  0.21178363750000176        0.0000000000000000        0.0000000000000000     
  0.21178591500000177        0.0000000000000000        0.0000000000000000     
  0.21178819250000178        0.0000000000000000        0.0000000000000000     
  0.21179047000000178        0.0000000000000000        0.0000000000000000     
  0.21179274750000179        0.0000000000000000        0.0000000000000000     
  0.21179502500000180        0.0000000000000000        0.0000000000000000     
  0.21179730250000181        0.0000000000000000        0.0000000000000000     
  0.21179958000000182        0.0000000000000000        0.0000000000000000     
  0.21180185750000183        0.0000000000000000        0.0000000000000000     
  0.21180413500000184        0.0000000000000000        0.0000000000000000     
  0.21180641250000184        0.0000000000000000        0.0000000000000000     
  0.21180869000000185        0.0000000000000000        0.0000000000000000     
  0.21181096750000186        0.0000000000000000        0.0000000000000000     
  0.21181324500000187        0.0000000000000000        0.0000000000000000     
  0.21181552250000188        0.0000000000000000        0.0000000000000000     
  0.21181780000000189        0.0000000000000000        0.0000000000000000     
  0.21182007750000190        0.0000000000000000        0.0000000000000000     
  0.21182235500000191        0.0000000000000000        0.0000000000000000     
  0.21182463250000191        0.0000000000000000        0.0000000000000000     
  0.21182691000000192        0.0000000000000000        0.0000000000000000     
  0.21182918750000193        0.0000000000000000        0.0000000000000000     
  0.21183146500000194        0.0000000000000000        0.0000000000000000     
  0.21183374250000195        0.0000000000000000        0.0000000000000000     
  0.21183602000000196        0.0000000000000000        0.0000000000000000     
  0.21183829750000197        0.0000000000000000        0.0000000000000000     
  0.21184057500000197        0.0000000000000000        0.0000000000000000     
  0.21184285250000198        0.0000000000000000        0.0000000000000000     
  0.21184513000000199        0.0000000000000000        0.0000000000000000     
  0.21184740750000200        0.0000000000000000        0.0000000000000000     
  0.21184968500000201        0.0000000000000000        0.0000000000000000     
  0.21185196250000202        0.0000000000000000        0.0000000000000000     
  0.21185424000000203        0.0000000000000000        0.0000000000000000     
  0.21185651750000203        0.0000000000000000        0.0000000000000000     
  0.21185879500000204        0.0000000000000000        0.0000000000000000     
  0.21186107250000205        0.0000000000000000        0.0000000000000000     
  0.21186335000000206        0.0000000000000000        0.0000000000000000     
  0.21186562750000207        0.0000000000000000        0.0000000000000000     
  0.21186790500000208        0.0000000000000000        0.0000000000000000     
  0.21187018250000209        0.0000000000000000        0.0000000000000000     
  0.21187246000000209        0.0000000000000000        0.0000000000000000     
  0.21187473750000210        0.0000000000000000        0.0000000000000000     
  0.21187701500000211        0.0000000000000000        0.0000000000000000     
  0.21187929250000212        0.0000000000000000        0.0000000000000000     
  0.21188157000000213        0.0000000000000000        0.0000000000000000     
  0.21188384750000214        0.0000000000000000        0.0000000000000000     
  0.21188612500000215        0.0000000000000000        0.0000000000000000     
  0.21188840250000215        0.0000000000000000        0.0000000000000000     
  0.21189068000000216        0.0000000000000000        0.0000000000000000     
  0.21189295750000217        0.0000000000000000        0.0000000000000000     
  0.21189523500000218        0.0000000000000000        0.0000000000000000     
  0.21189751250000219        0.0000000000000000        0.0000000000000000     
  0.21189979000000220        0.0000000000000000        0.0000000000000000     
  0.21190206750000221        0.0000000000000000        0.0000000000000000     
  0.21190434500000221        0.0000000000000000        0.0000000000000000     
  0.21190662250000222        0.0000000000000000        0.0000000000000000     
  0.21190890000000223        0.0000000000000000        0.0000000000000000     
  0.21191117750000224        0.0000000000000000        0.0000000000000000     
  0.21191345500000225        0.0000000000000000        0.0000000000000000     
  0.21191573250000226        0.0000000000000000        0.0000000000000000     
  0.21191801000000227        0.0000000000000000        0.0000000000000000     
  0.21192028750000227        0.0000000000000000        0.0000000000000000     
  0.21192256500000228        0.0000000000000000        0.0000000000000000     
  0.21192484250000229        0.0000000000000000        0.0000000000000000     
  0.21192712000000230        0.0000000000000000        0.0000000000000000     
  0.21192939750000231        0.0000000000000000        0.0000000000000000     
  0.21193167500000232        0.0000000000000000        0.0000000000000000     
  0.21193395250000233        0.0000000000000000        0.0000000000000000     
  0.21193623000000233        0.0000000000000000        0.0000000000000000     
  0.21193850750000234        0.0000000000000000        0.0000000000000000     
  0.21194078500000235        0.0000000000000000        0.0000000000000000     
  0.21194306250000236        0.0000000000000000        0.0000000000000000     
  0.21194534000000237        0.0000000000000000        0.0000000000000000     
  0.21194761750000238        0.0000000000000000        0.0000000000000000     
  0.21194989500000239        0.0000000000000000        0.0000000000000000     
  0.21195217250000239        0.0000000000000000        0.0000000000000000     
  0.21195445000000240        0.0000000000000000        0.0000000000000000     
  0.21195672750000241        0.0000000000000000        0.0000000000000000     
  0.21195900500000242        0.0000000000000000        0.0000000000000000     
  0.21196128250000243        0.0000000000000000        0.0000000000000000     
  0.21196356000000244        0.0000000000000000        0.0000000000000000     
  0.21196583750000245        0.0000000000000000        0.0000000000000000     
  0.21196811500000245        0.0000000000000000        0.0000000000000000     
  0.21197039250000246        0.0000000000000000        0.0000000000000000     
  0.21197267000000247        0.0000000000000000        0.0000000000000000     
  0.21197494750000248        0.0000000000000000        0.0000000000000000     
  0.21197722500000249        0.0000000000000000        0.0000000000000000     
  0.21197950250000250        0.0000000000000000        0.0000000000000000     
  0.21198178000000251        0.0000000000000000        0.0000000000000000     
  0.21198405750000252        0.0000000000000000        0.0000000000000000     
  0.21198633500000252        0.0000000000000000        0.0000000000000000     
  0.21198861250000253        0.0000000000000000        0.0000000000000000     
  0.21199089000000254        0.0000000000000000        0.0000000000000000     
  0.21199316750000255        0.0000000000000000        0.0000000000000000     
  0.21199544500000256        0.0000000000000000        0.0000000000000000     
  0.21199772250000257        0.0000000000000000        0.0000000000000000     
