  -1.0000000000000000        0.0000000000000000        0.0000000000000000     
 -0.99333333333333329        0.0000000000000000        0.0000000000000000     
 -0.98666666666666658        0.0000000000000000        0.0000000000000000     
 -0.97999999999999987        0.0000000000000000        0.0000000000000000     
 -0.97333333333333316        0.0000000000000000        0.0000000000000000     
 -0.96666666666666645        0.0000000000000000        0.0000000000000000     
 -0.95999999999999974        0.0000000000000000        0.0000000000000000     
 -0.95333333333333303        0.0000000000000000        0.0000000000000000     
 -0.94666666666666632        0.0000000000000000        0.0000000000000000     
 -0.93999999999999961        0.0000000000000000        0.0000000000000000     
 -0.93333333333333290        0.0000000000000000        0.0000000000000000     
 -0.92666666666666619        0.0000000000000000        0.0000000000000000     
 -0.91999999999999948        0.0000000000000000        0.0000000000000000     
 -0.91333333333333278        0.0000000000000000        0.0000000000000000     
 -0.90666666666666607        0.0000000000000000        0.0000000000000000     
 -0.89999999999999936        0.0000000000000000        0.0000000000000000     
 -0.89333333333333265        0.0000000000000000        0.0000000000000000     
 -0.88666666666666594        0.0000000000000000        0.0000000000000000     
 -0.87999999999999923        0.0000000000000000        0.0000000000000000     
 -0.87333333333333252        0.0000000000000000        0.0000000000000000     
 -0.86666666666666581        0.0000000000000000        0.0000000000000000     
 -0.85999999999999910        0.0000000000000000        0.0000000000000000     
 -0.85333333333333239        0.0000000000000000        0.0000000000000000     
 -0.84666666666666568        0.0000000000000000        0.0000000000000000     
 -0.83999999999999897        0.0000000000000000        0.0000000000000000     
 -0.83333333333333226        0.0000000000000000        0.0000000000000000     
 -0.82666666666666555        0.0000000000000000        0.0000000000000000     
 -0.81999999999999884        0.0000000000000000        0.0000000000000000     
 -0.81333333333333213        0.0000000000000000        0.0000000000000000     
 -0.80666666666666542        0.0000000000000000        0.0000000000000000     
 -0.79999999999999871        0.0000000000000000        0.0000000000000000     
 -0.79333333333333200        0.0000000000000000        0.0000000000000000     
 -0.78666666666666529        0.0000000000000000        0.0000000000000000     
 -0.77999999999999858        0.0000000000000000        0.0000000000000000     
 -0.77333333333333187        0.0000000000000000        0.0000000000000000     
 -0.76666666666666516        0.0000000000000000        0.0000000000000000     
 -0.75999999999999845        0.0000000000000000        0.0000000000000000     
 -0.75333333333333174        0.0000000000000000        0.0000000000000000     
 -0.74666666666666504        0.0000000000000000        0.0000000000000000     
 -0.73999999999999833        0.0000000000000000        0.0000000000000000     
 -0.73333333333333162        0.0000000000000000        0.0000000000000000     
 -0.72666666666666491        0.0000000000000000        0.0000000000000000     
 -0.71999999999999820        0.0000000000000000        0.0000000000000000     
 -0.71333333333333149        0.0000000000000000        0.0000000000000000     
 -0.70666666666666478        0.0000000000000000        0.0000000000000000     
 -0.69999999999999807        0.0000000000000000        0.0000000000000000     
 -0.69333333333333136        0.0000000000000000        0.0000000000000000     
 -0.68666666666666465        0.0000000000000000        0.0000000000000000     
 -0.67999999999999794        0.0000000000000000        0.0000000000000000     
 -0.67333333333333123        0.0000000000000000        0.0000000000000000     
 -0.66666666666666452        0.0000000000000000        0.0000000000000000     
 -0.65999999999999781        0.0000000000000000        0.0000000000000000     
 -0.65333333333333110        0.0000000000000000        0.0000000000000000     
 -0.64666666666666439        0.0000000000000000        0.0000000000000000     
 -0.63999999999999768        0.0000000000000000        0.0000000000000000     
 -0.63333333333333097        0.0000000000000000        0.0000000000000000     
 -0.62666666666666426        0.0000000000000000        0.0000000000000000     
 -0.61999999999999755        0.0000000000000000        0.0000000000000000     
 -0.61333333333333084        0.0000000000000000        0.0000000000000000     
 -0.60666666666666413        0.0000000000000000        0.0000000000000000     
 -0.59999999999999742        0.0000000000000000        0.0000000000000000     
 -0.59333333333333071        0.0000000000000000        0.0000000000000000     
 -0.58666666666666401        0.0000000000000000        0.0000000000000000     
 -0.57999999999999730        0.0000000000000000        0.0000000000000000     
 -0.57333333333333059        0.0000000000000000        0.0000000000000000     
 -0.56666666666666388        0.0000000000000000        0.0000000000000000     
 -0.55999999999999717        0.0000000000000000        0.0000000000000000     
 -0.55333333333333046        0.0000000000000000        0.0000000000000000     
 -0.54666666666666375        0.0000000000000000        0.0000000000000000     
 -0.53999999999999704        0.0000000000000000        0.0000000000000000     
 -0.53333333333333033        0.0000000000000000        0.0000000000000000     
 -0.52666666666666362        0.0000000000000000        0.0000000000000000     
 -0.51999999999999691        0.0000000000000000        0.0000000000000000     
 -0.51333333333333020        0.0000000000000000        0.0000000000000000     
 -0.50666666666666349        0.0000000000000000        0.0000000000000000     
 -0.49999999999999684        0.0000000000000000        0.0000000000000000     
 -0.49333333333333018        0.0000000000000000        0.0000000000000000     
 -0.48666666666666353        0.0000000000000000        0.0000000000000000     
 -0.47999999999999687        0.0000000000000000        0.0000000000000000     
 -0.47333333333333022        0.0000000000000000        0.0000000000000000     
 -0.46666666666666357        0.0000000000000000        0.0000000000000000     
 -0.45999999999999691        0.0000000000000000        0.0000000000000000     
 -0.45333333333333026        0.0000000000000000        0.0000000000000000     
 -0.44666666666666360        0.0000000000000000        0.0000000000000000     
 -0.43999999999999695        0.0000000000000000        0.0000000000000000     
 -0.43333333333333030        0.0000000000000000        0.0000000000000000     
 -0.42666666666666364        0.0000000000000000        0.0000000000000000     
 -0.41999999999999699        0.0000000000000000        0.0000000000000000     
 -0.41333333333333033        0.0000000000000000        0.0000000000000000     
 -0.40666666666666368        0.0000000000000000        0.0000000000000000     
 -0.39999999999999702        0.0000000000000000        0.0000000000000000     
 -0.39333333333333037        0.0000000000000000        0.0000000000000000     
 -0.38666666666666372        0.0000000000000000        0.0000000000000000     
 -0.37999999999999706        0.0000000000000000        0.0000000000000000     
 -0.37333333333333041        0.0000000000000000        0.0000000000000000     
 -0.36666666666666375        0.0000000000000000        0.0000000000000000     
 -0.35999999999999710        0.0000000000000000        0.0000000000000000     
 -0.35333333333333045        0.0000000000000000        0.0000000000000000     
 -0.34666666666666379        0.0000000000000000        0.0000000000000000     
 -0.33999999999999714        0.0000000000000000        0.0000000000000000     
 -0.33333333333333048        0.0000000000000000        0.0000000000000000     
 -0.32666666666666383        0.0000000000000000        0.0000000000000000     
 -0.31999999999999718        0.0000000000000000        0.0000000000000000     
 -0.31333333333333052        0.0000000000000000        0.0000000000000000     
 -0.30666666666666387        0.0000000000000000        0.0000000000000000     
 -0.29999999999999721        0.0000000000000000        0.0000000000000000     
 -0.29333333333333056        0.0000000000000000        0.0000000000000000     
 -0.28666666666666391        0.0000000000000000        0.0000000000000000     
 -0.27999999999999725        0.0000000000000000        0.0000000000000000     
 -0.27333333333333060        0.0000000000000000        0.0000000000000000     
 -0.26666666666666394        0.0000000000000000        0.0000000000000000     
 -0.25999999999999729        0.0000000000000000        0.0000000000000000     
 -0.25333333333333063        0.0000000000000000        0.0000000000000000     
 -0.24666666666666398        0.0000000000000000        0.0000000000000000     
 -0.23999999999999733        0.0000000000000000        0.0000000000000000     
 -0.23333333333333067        0.0000000000000000        0.0000000000000000     
 -0.22666666666666402        0.0000000000000000        0.0000000000000000     
 -0.21999999999999736        0.0000000000000000        0.0000000000000000     
 -0.21333333333333071        0.0000000000000000        0.0000000000000000     
 -0.20666666666666406        0.0000000000000000        0.0000000000000000     
 -0.19999999999999740        0.0000000000000000        0.0000000000000000     
 -0.19333333333333075        0.0000000000000000        0.0000000000000000     
 -0.18666666666666409        0.0000000000000000        0.0000000000000000     
 -0.17999999999999744        0.0000000000000000        0.0000000000000000     
 -0.17333333333333079        0.0000000000000000        0.0000000000000000     
 -0.16666666666666413        0.0000000000000000        0.0000000000000000     
 -0.15999999999999748        0.0000000000000000        0.0000000000000000     
 -0.15333333333333082        0.0000000000000000        0.0000000000000000     
 -0.14666666666666417        0.0000000000000000        0.0000000000000000     
 -0.13999999999999752        0.0000000000000000        0.0000000000000000     
 -0.13333333333333086        0.0000000000000000        0.0000000000000000     
 -0.12666666666666421        0.0000000000000000        0.0000000000000000     
 -0.11999999999999754        0.0000000000000000        0.0000000000000000     
 -0.11333333333333087        0.0000000000000000        0.0000000000000000     
 -0.10666666666666420        0.0000000000000000        0.0000000000000000     
  -9.9999999999997535E-002   0.0000000000000000        0.0000000000000000     
  -9.3333333333330867E-002   0.0000000000000000        0.0000000000000000     
  -8.6666666666664199E-002   0.0000000000000000        0.0000000000000000     
  -7.9999999999997531E-002   0.0000000000000000        0.0000000000000000     
  -7.3333333333330863E-002   0.0000000000000000        0.0000000000000000     
  -6.6666666666664195E-002   0.0000000000000000        0.0000000000000000     
  -5.9999999999997528E-002   0.0000000000000000        0.0000000000000000     
  -5.3333333333330860E-002   0.0000000000000000        0.0000000000000000     
  -4.6666666666664192E-002   0.0000000000000000        0.0000000000000000     
  -3.9999999999997524E-002   0.0000000000000000        0.0000000000000000     
  -3.3333333333330856E-002   0.0000000000000000        0.0000000000000000     
  -2.6666666666664188E-002   0.0000000000000000        0.0000000000000000     
  -1.9999999999997520E-002   0.0000000000000000        0.0000000000000000     
  -1.3333333333330852E-002   0.0000000000000000        0.0000000000000000     
  -6.6666666666641847E-003   0.0000000000000000        0.0000000000000000     
   2.4823892941228110E-015   0.0000000000000000        0.0000000000000000     
   6.6666666666691495E-003   0.0000000000000000        0.0000000000000000     
   1.3333333333335817E-002   0.0000000000000000        0.0000000000000000     
   2.0000000000002485E-002   0.0000000000000000        0.0000000000000000     
   2.6666666666669153E-002   0.0000000000000000        0.0000000000000000     
   3.3333333333335817E-002   0.0000000000000000        0.0000000000000000     
   4.0000000000002485E-002   0.0000000000000000        0.0000000000000000     
   4.6666666666669153E-002   0.0000000000000000        0.0000000000000000     
   5.3333333333335821E-002   0.0000000000000000        0.0000000000000000     
   6.0000000000002489E-002   0.0000000000000000        0.0000000000000000     
   6.6666666666669150E-002   0.0000000000000000        0.0000000000000000     
   7.3333333333335818E-002   0.0000000000000000        0.0000000000000000     
   8.0000000000002486E-002   0.0000000000000000        0.0000000000000000     
   8.6666666666669154E-002   0.0000000000000000        0.0000000000000000     
   9.3333333333335822E-002   0.0000000000000000        0.0000000000000000     
  0.10000000000000249        0.0000000000000000        0.0000000000000000     
  0.10666666666666916        0.0000000000000000        0.0000000000000000     
  0.11333333333333583        0.0000000000000000        0.0000000000000000     
  0.12000000000000249        0.0000000000000000        0.0000000000000000     
  0.12666666666666915        0.0000000000000000        0.0000000000000000     
  0.13333333333333580        0.0000000000000000        0.0000000000000000     
  0.14000000000000246        0.0000000000000000        0.0000000000000000     
  0.14666666666666911        0.0000000000000000        0.0000000000000000     
  0.15333333333333576        0.0000000000000000        0.0000000000000000     
  0.16000000000000242        0.0000000000000000        0.0000000000000000     
  0.16666666666666907        0.0000000000000000        0.0000000000000000     
  0.17333333333333573        0.0000000000000000        0.0000000000000000     
  0.18000000000000238        0.0000000000000000        0.0000000000000000     
  0.18666666666666903        0.0000000000000000        0.0000000000000000     
  0.19333333333333569        0.0000000000000000        0.0000000000000000     
  0.20000000000000234        0.0000000000000000        0.0000000000000000     
  0.20666666666666900        0.0000000000000000        0.0000000000000000     
  0.21333333333333565        0.0000000000000000        0.0000000000000000     
  0.22000000000000230        0.0000000000000000        0.0000000000000000     
  0.22666666666666896        0.0000000000000000        0.0000000000000000     
  0.23333333333333561        0.0000000000000000        0.0000000000000000     
  0.24000000000000227        0.0000000000000000        0.0000000000000000     
  0.24666666666666892        0.0000000000000000        0.0000000000000000     
  0.25333333333333558        0.0000000000000000        0.0000000000000000     
  0.26000000000000223        0.0000000000000000        0.0000000000000000     
  0.26666666666666888        0.0000000000000000        0.0000000000000000     
  0.27333333333333554        0.0000000000000000        0.0000000000000000     
  0.28000000000000219        0.0000000000000000        0.0000000000000000     
  0.28666666666666885        0.0000000000000000        0.0000000000000000     
  0.29333333333333550        0.0000000000000000        0.0000000000000000     
  0.30000000000000215        0.0000000000000000        0.0000000000000000     
  0.30666666666666881        0.0000000000000000        0.0000000000000000     
  0.31333333333333546        0.0000000000000000        0.0000000000000000     
  0.32000000000000212        0.0000000000000000        0.0000000000000000     
  0.32666666666666877        0.0000000000000000        0.0000000000000000     
  0.33333333333333542        0.0000000000000000        0.0000000000000000     
  0.34000000000000208        0.0000000000000000        0.0000000000000000     
  0.34666666666666873        0.0000000000000000        0.0000000000000000     
  0.35333333333333539        0.0000000000000000        0.0000000000000000     
  0.36000000000000204        0.0000000000000000        0.0000000000000000     
  0.36666666666666869        0.0000000000000000        0.0000000000000000     
  0.37333333333333535        0.0000000000000000        0.0000000000000000     
  0.38000000000000200        0.0000000000000000        0.0000000000000000     
  0.38666666666666866        0.0000000000000000        0.0000000000000000     
  0.39333333333333531        0.0000000000000000        0.0000000000000000     
  0.40000000000000197        0.0000000000000000        0.0000000000000000     
  0.40666666666666862        0.0000000000000000        0.0000000000000000     
  0.41333333333333527        0.0000000000000000        0.0000000000000000     
  0.42000000000000193        0.0000000000000000        0.0000000000000000     
  0.42666666666666858        0.0000000000000000        0.0000000000000000     
  0.43333333333333524        0.0000000000000000        0.0000000000000000     
  0.44000000000000189        0.0000000000000000        0.0000000000000000     
  0.44666666666666854        0.0000000000000000        0.0000000000000000     
  0.45333333333333520        0.0000000000000000        0.0000000000000000     
  0.46000000000000185        0.0000000000000000        0.0000000000000000     
  0.46666666666666851        0.0000000000000000        0.0000000000000000     
  0.47333333333333516        0.0000000000000000        0.0000000000000000     
  0.48000000000000181        0.0000000000000000        0.0000000000000000     
  0.48666666666666847        0.0000000000000000        0.0000000000000000     
  0.49333333333333512        0.0000000000000000        0.0000000000000000     
  0.50000000000000178        0.0000000000000000        0.0000000000000000     
  0.50666666666666849        0.0000000000000000        0.0000000000000000     
  0.51333333333333520        0.0000000000000000        0.0000000000000000     
  0.52000000000000191        0.0000000000000000        0.0000000000000000     
  0.52666666666666861        0.0000000000000000        0.0000000000000000     
  0.53333333333333532        0.0000000000000000        0.0000000000000000     
  0.54000000000000203        0.0000000000000000        0.0000000000000000     
  0.54666666666666874        0.0000000000000000        0.0000000000000000     
  0.55333333333333545        0.0000000000000000        0.0000000000000000     
  0.56000000000000216        0.0000000000000000        0.0000000000000000     
  0.56666666666666887        0.0000000000000000        0.0000000000000000     
  0.57333333333333558        0.0000000000000000        0.0000000000000000     
  0.58000000000000229        0.0000000000000000        0.0000000000000000     
  0.58666666666666900        0.0000000000000000        0.0000000000000000     
  0.59333333333333571        0.0000000000000000        0.0000000000000000     
  0.60000000000000242        0.0000000000000000        0.0000000000000000     
  0.60666666666666913        0.0000000000000000        0.0000000000000000     
  0.61333333333333584        0.0000000000000000        0.0000000000000000     
  0.62000000000000255        0.0000000000000000        0.0000000000000000     
  0.62666666666666926        0.0000000000000000        0.0000000000000000     
  0.63333333333333597        0.0000000000000000        0.0000000000000000     
  0.64000000000000268        0.0000000000000000        0.0000000000000000     
  0.64666666666666939        0.0000000000000000        0.0000000000000000     
  0.65333333333333610        0.0000000000000000        0.0000000000000000     
  0.66000000000000281        0.0000000000000000        0.0000000000000000     
  0.66666666666666952        0.0000000000000000        0.0000000000000000     
  0.67333333333333623        0.0000000000000000        0.0000000000000000     
  0.68000000000000294        0.0000000000000000        0.0000000000000000     
  0.68666666666666965        0.0000000000000000        0.0000000000000000     
  0.69333333333333635        0.0000000000000000        0.0000000000000000     
  0.70000000000000306        0.0000000000000000        0.0000000000000000     
  0.70666666666666977        0.0000000000000000        0.0000000000000000     
  0.71333333333333648        0.0000000000000000        0.0000000000000000     
  0.72000000000000319        0.0000000000000000        0.0000000000000000     
  0.72666666666666990        0.0000000000000000        0.0000000000000000     
  0.73333333333333661        0.0000000000000000        0.0000000000000000     
  0.74000000000000332        0.0000000000000000        0.0000000000000000     
  0.74666666666667003        0.0000000000000000        0.0000000000000000     
  0.75333333333333674        0.0000000000000000        0.0000000000000000     
  0.76000000000000345        0.0000000000000000        0.0000000000000000     
  0.76666666666667016        0.0000000000000000        0.0000000000000000     
  0.77333333333333687        0.0000000000000000        0.0000000000000000     
  0.78000000000000358        0.0000000000000000        0.0000000000000000     
  0.78666666666667029        0.0000000000000000        0.0000000000000000     
  0.79333333333333700        0.0000000000000000        0.0000000000000000     
  0.80000000000000371        0.0000000000000000        0.0000000000000000     
  0.80666666666667042        0.0000000000000000        0.0000000000000000     
  0.81333333333333713        0.0000000000000000        0.0000000000000000     
  0.82000000000000384        0.0000000000000000        0.0000000000000000     
  0.82666666666667055        0.0000000000000000        0.0000000000000000     
  0.83333333333333726        0.0000000000000000        0.0000000000000000     
  0.84000000000000397        0.0000000000000000        0.0000000000000000     
  0.84666666666667068        0.0000000000000000        0.0000000000000000     
  0.85333333333333738        0.0000000000000000        0.0000000000000000     
  0.86000000000000409        0.0000000000000000        0.0000000000000000     
  0.86666666666667080        0.0000000000000000        0.0000000000000000     
  0.87333333333333751        0.0000000000000000        0.0000000000000000     
  0.88000000000000422        0.0000000000000000        0.0000000000000000     
  0.88666666666667093        0.0000000000000000        0.0000000000000000     
  0.89333333333333764        0.0000000000000000        0.0000000000000000     
  0.90000000000000435        0.0000000000000000        0.0000000000000000     
  0.90666666666667106        0.0000000000000000        0.0000000000000000     
  0.91333333333333777        0.0000000000000000        0.0000000000000000     
  0.92000000000000448        0.0000000000000000        0.0000000000000000     
  0.92666666666667119        0.0000000000000000        0.0000000000000000     
  0.93333333333333790        0.0000000000000000        0.0000000000000000     
  0.94000000000000461        0.0000000000000000        0.0000000000000000     
  0.94666666666667132        0.0000000000000000        0.0000000000000000     
  0.95333333333333803        0.0000000000000000        0.0000000000000000     
  0.96000000000000474        0.0000000000000000        0.0000000000000000     
  0.96666666666667145        0.0000000000000000        0.0000000000000000     
  0.97333333333333816        0.0000000000000000        0.0000000000000000     
  0.98000000000000487        0.0000000000000000        0.0000000000000000     
  0.98666666666667158        0.0000000000000000        0.0000000000000000     
  0.99333333333333829        0.0000000000000000        0.0000000000000000     
