  0.10000000000000001        2.0161999203764492E-004   2.0160850862644168E-004
  0.69933333333333336        0.0000000000000000        0.0000000000000000     
   1.2986666666666666        7.4376452010305821E-002   7.4367626563581160E-002
   1.8980000000000001       0.33158129067155745       0.24446040752587447     
   2.4973333333333336       0.18812325516039524       0.11091081086622440     
   3.0966666666666671        7.1676979779005690        6.6658362751695286     
   3.6960000000000006       0.88524462584469754       0.75255741566179668     
   4.2953333333333337       0.51933287813488860       0.34690232078934075     
   4.8946666666666667       0.29672812827710437       0.15823859335724941     
   5.4939999999999998       0.15347695437524894       0.14539341227577463     
   6.0933333333333328       0.27456078092931385       0.16463311372031650     
   6.6926666666666659       0.40056272564651035       0.25153634836356253     
   7.2919999999999989       0.38939298143538220       0.20747744238965349     
   7.8913333333333320       0.37597898296157667       0.25899579843784992     
   8.4906666666666659       0.71349225261339133       0.40496768363950364     
   9.0899999999999999       0.51167225108733816       0.22723986610860297     
   9.6893333333333338       0.90642645639353470       0.34460321457003273     
   10.288666666666668        1.2024730039941762       0.42168789762288000     
   10.888000000000002       0.90413450414397334       0.35148074706230037     
   11.487333333333336       0.66183309405002355       0.40001062762475370     
   12.086666666666670       0.92361441187519677       0.43119666684461921     
   12.686000000000003        1.2897699427916482       0.67730121039475599     
   13.285333333333337       0.52484065206207275       0.26865733205364140     
   13.884666666666671        1.0425935652595681       0.46126722320545904     
   14.484000000000005        1.4751147694358935       0.48225585950527439     
   15.083333333333339        1.1234566749551878       0.60338956669747268     
   15.682666666666673        1.5968793375486281       0.47379457241694212     
   16.282000000000007       0.81735433457442708       0.41551403714266716     
   16.881333333333341        2.0535150151241104       0.62010816629608423     
   17.480666666666675       0.71399593527041505       0.29321125072552418     
   18.080000000000009        1.1610062144514273       0.48137398400011061     
   18.679333333333343       0.87680954764813501       0.28675542272395865     
   19.278666666666677        1.6521786280748416       0.52421968450661838     
   19.878000000000011        3.1675055813865693        1.0726371158947774     
   20.477333333333345       0.85534360301063816       0.32032196962177045     
   21.076666666666679        1.4534222519068147       0.57134185213960986     
   21.676000000000013        1.3368818489813517       0.56879847996374189     
   22.275333333333347       0.95782428925926510       0.35645134382103372     
   22.874666666666680        2.0262600608391965       0.63169773014017305     
   23.474000000000014        1.5643369311948885       0.51841514674015943     
   24.073333333333348        1.0985974114904606       0.37094670061850621     
   24.672666666666682        3.0014569997153489       0.87266350968283046     
   25.272000000000016        1.8493251716134593       0.65095137313788121     
   25.871333333333350        1.1876247631273482       0.41576189010973097     
   26.470666666666684        1.8350109213896735       0.71340451921978454     
   27.070000000000018        2.1427250277789103       0.78102241398522299     
   27.669333333333352        1.5921614569735534       0.58316855168272985     
   28.268666666666686        1.0331538218643375       0.36019310615341871     
   28.868000000000020        2.1991207942072903       0.63857238958476337     
   29.467333333333354        12.775849140849756        10.188724869220186     
   30.066666666666688        1.6899752703593476       0.50786051430851620     
   30.666000000000022        1.0065946770109249       0.30575636202940959     
   31.265333333333356        2.5171335259363135       0.79776047347460810     
   31.864666666666690        3.1016438537859909        1.1511481343105012     
   32.464000000000020        1.5360974568101808       0.58322155118177643     
   33.063333333333354        1.7689285821785130       0.94871363674701492     
   33.662666666666688        3.7088729597032080       0.96668016141078361     
   34.262000000000022        3.0923654767244084       0.76157003561833236     
   34.861333333333356        3.7692074519243066       0.94157679174491105     
   35.460666666666690        2.0219700716197413       0.65151230343892053     
   36.060000000000024        3.9650839885979265        1.4556569558549197     
   36.659333333333358        1.2934704417899663       0.37597518049353074     
   37.258666666666691        3.6048024754648753        1.1583961402377234     
   37.858000000000025        4.2410610579317902        1.2908985523973671     
   38.457333333333359        3.2867223634148979       0.77657529963447780     
   39.056666666666693        2.5173016555050127       0.84096243727664188     
   39.656000000000027        2.3845724123650762       0.85044149313755002     
   40.255333333333361        3.1062707225325896       0.86902423843420473     
   40.854666666666695        4.3329114085959262       0.95896178823976552     
   41.454000000000029        1.4590660879207156       0.41630657778529695     
   42.053333333333363        1.8278645836531175       0.46322979437000716     
   42.652666666666697        2.5588108588783598       0.65727209925241725     
   43.252000000000031        1.9483185747326821       0.55682949289284089     
   43.851333333333365        3.4984989771974133        1.3111852062411098     
   44.450666666666699        5.6639450160175056        1.6616742958394095     
   45.050000000000033        2.7397641125626082       0.86746744474659188     
   45.649333333333367        1.8058187735649136       0.56797053668365094     
   46.248666666666701        2.9759277767103152       0.74896284994871931     
   46.848000000000035        3.6682348200251886        1.8466201764675787     
   47.447333333333368        1.7624606400604965       0.51546777985564551     
   48.046666666666702        11.225144621167887        6.9152875587947298     
   48.646000000000036        1.8786560242021768       0.65074814717640861     
   49.245333333333370        3.2071815389426606       0.85627554867236355     
   49.844666666666704        4.8536263935854054        3.7420802672561102     
   50.444000000000038        3.2062270228530574       0.91771354447700859     
   51.043333333333372        3.8170557301498311       0.92892437746925094     
   51.642666666666706        4.0109082678668813       0.87199938798006837     
   52.242000000000040        3.1129435741295612        1.0035520256431625     
   52.841333333333374        3.6596934439866962       0.90998903563554978     
   53.440666666666708        6.2846974434052312        1.3044467032654450     
   54.040000000000042        6.3319343201898963        1.6685640553182022     
   54.639333333333376        3.0248583179660380       0.80247403022951436     
   55.238666666666710        3.5514122065418707       0.89042982454095887     
   55.838000000000044        4.7488744042464353        1.1965472259927223     
   56.437333333333378        7.3464774434699693        4.5938433488921699     
   57.036666666666711        2.9575084930856890       0.94363717056791629     
   57.636000000000045        3.4126490044399018       0.89945319057532069     
   58.235333333333379        3.9764852299748314        1.0272294294453159     
   58.834666666666713        3.4485543199397961       0.98860292199900512     
   59.434000000000047        4.5639788754302453        1.7774688988093028     
   60.033333333333381        3.9662053539590012        1.0988437379253433     
   60.632666666666715        1.9838446669343113       0.65887715851777351     
   61.232000000000049        2.6860915733003452       0.74792828689178004     
   61.831333333333383        4.8496251562020296        1.2364427029990244     
   62.430666666666717        4.4674486856997770        1.2971802264536101     
   63.030000000000051        5.1956719274640930        1.2869716950644987     
   63.629333333333385        3.9933088719877001        1.3171146347712979     
   64.228666666666712        4.7745715636181192        1.4095492880968918     
   64.828000000000046        4.4216975920617214        1.1619977230948426     
   65.427333333333380        4.9869255736326137        1.4382298381280862     
   66.026666666666713        2.9788492427816200       0.87343730176482193     
   66.626000000000047        2.3128080049172364       0.67995262408845414     
   67.225333333333381        3.3113200570109984       0.75597274324316044     
   67.824666666666715        4.9254246653146900        1.2078893987362480     
   68.424000000000049        5.5727348567728869        1.3660407933523879     
   69.023333333333383        5.0283986601017689        1.9311232072458029     
   69.622666666666717        4.2668498284486027        1.3538054373193096     
   70.222000000000051        2.6474300476683044       0.84886702408552916     
   70.821333333333385        5.8799456731231148        1.9791603262452124     
   71.420666666666719        4.6884596549011137        1.8527161354993875     
   72.020000000000053        3.2871531139946160        1.2121778964583321     
   72.619333333333387        5.6655524447447370        1.5906693605343263     
   73.218666666666721        3.8795973418580214        1.1436608048120183     
   73.818000000000055        3.8082627311322299       0.99654107361095112     
   74.417333333333389        3.7277600373801731       0.97541336393126166     
   75.016666666666723        3.6102113345049287        1.0380575200013067     
   75.616000000000057        4.1444349652352956        1.0961474695375413     
   76.215333333333390        3.9311939121994559        1.1075867562282953     
   76.814666666666724        5.0745629673172594        1.2914752005474543     
   77.414000000000058        4.5274661227227924        1.0662173750235400     
   78.013333333333392        4.1917817871541798        1.1271692685676797     
   78.612666666666726        4.4623529318968584        1.2353259889097401     
   79.212000000000060        2.6047665194896275       0.73640144055500545     
   79.811333333333394        2.9166675437158904       0.99424330485071100     
   80.410666666666728        5.0990292417941712        2.4989178040673723     
   81.010000000000062        4.3464682974138116        1.5300417548936138     
   81.609333333333396        5.3502276294752784        1.4007105740491750     
   82.208666666666730        3.3932209467796648       0.94246572275245066     
   82.808000000000064        3.1284921244463035       0.97834406356064196     
   83.407333333333398        3.8443848612791158       0.81652337602433300     
   84.006666666666732        3.3205200434748305       0.83817636278112950     
   84.606000000000066        3.9982686124382001       0.97906861698505143     
   85.205333333333400        2.2643251632906778       0.69255466938389132     
   85.804666666666733        4.2286882935373695        1.4055471048241763     
   86.404000000000067        3.9055523046183902        1.0448521141242582     
   87.003333333333401        2.9475960379331707       0.82686819948393409     
   87.602666666666735        9.1299616966272499        3.4334152881961635     
   88.202000000000069        4.5382542701969948        1.3000454496001623     
   88.801333333333403        5.7157432679770341        1.6445620351948920     
   89.400666666666737        4.6379696239796298        1.1950526433291004     
   90.000000000000071        3.2619107527448348       0.89022679731253873     
   90.599333333333405        4.2809260482510449        1.2306090087460402     
   91.198666666666739        2.8972967798955751       0.82133073000896473     
   91.798000000000073        2.9129083713546500       0.98541464923438882     
   92.397333333333407        6.8250621793033694        2.5636663725927349     
   92.996666666666741        4.5573785763278369        1.1325921571513886     
   93.596000000000075        3.5625499307505040       0.97932000238696992     
   94.195333333333409        16.942314823100055        7.3359607185248779     
   94.794666666666743        4.0330779299466233        1.0982854716234272     
   95.394000000000077        4.2701791578661945        1.1906230994371108     
   95.993333333333410        4.5336396201161318        1.0091203838523271     
   96.592666666666744        4.5575674797823762        1.3480723431748385     
   97.192000000000078        2.1365608187586811       0.70621651016340814     
   97.791333333333412        3.8197989740545548        1.1507874448009705     
   98.390666666666746        2.3965897025505360       0.89908176404704154     
   98.990000000000080        4.4168274964282039        1.2409318046481768     
   99.589333333333414        2.7044919257609719       0.81085123032705486     
   100.18866666666675        4.5116331550037447        1.0639402219991372     
   100.78800000000008        3.9332116461790374       0.98780260138515763     
   101.38733333333342        5.2187018250830528        1.2978141483837640     
   101.98666666666675        1.9229406188021134       0.64409470300469096     
   102.58600000000008        3.5436294757474962       0.93609106511719242     
   103.18533333333342        4.0142600669383466        1.1536101196729645     
   103.78466666666675        2.1362278036850344       0.91979498366296497     
   104.38400000000009        4.0594335472475116        1.1434173836346844     
   104.98333333333342        4.0881053266689298        1.6769180155508314     
   105.58266666666675        5.1920469544494674        1.2342287782982118     
   106.18200000000009        4.2193416597564095        1.4189801502341934     
   106.78133333333342        5.2107716843500720        1.2020188760950881     
   107.38066666666676        5.8463751410290019        1.5158481022613126     
   107.98000000000009        2.1401145536163555       0.66122989983663949     
   108.57933333333342        5.8973723259342554        1.4165822995585755     
   109.17866666666676        4.0166860708768484        2.4133820983922383     
   109.77800000000009        2.9230188785377638       0.99253844315782336     
   110.37733333333343        5.1756320841592354        1.3292589831570134     
   110.97666666666676        4.8421809290217821        1.2614186570785000     
   111.57600000000009        4.2260092768766198        1.2894907215823133     
   112.17533333333343        3.7222602307412234        1.0068596162461403     
   112.77466666666676        4.7202527520963704        1.2162091532734256     
   113.37400000000009        3.6916965462331244        1.2973446267579756     
   113.97333333333343        3.7256987670705510       0.94703579365942026     
   114.57266666666676        5.1475145792611654        1.1669873944781688     
   115.17200000000010        3.7444969670737156        1.0204741971468978     
   115.77133333333343        4.3809649103853143        1.0172134522083542     
   116.37066666666676        4.6751615556336965        1.1960937394762912     
   116.97000000000010        4.6659812977755406        1.1867022329956041     
   117.56933333333343        5.7410593242705543        2.0533128647109433     
   118.16866666666677        2.6089053253481795       0.73793826819590735     
   118.76800000000010        3.3851921696474077       0.81651758035568378     
   119.36733333333343        10.518151665166247        6.4861206057808207     
   119.96666666666677        8.2731264006021394        5.1772401637171575     
   120.56600000000010        3.7010805117156922       0.89300746496609462     
   121.16533333333344        3.4773741923248438       0.98529163800627506     
   121.76466666666677        4.1799759328524289        1.1473553745448217     
   122.36400000000010        2.6177213287225811       0.85182058242017433     
   122.96333333333344        6.3804978682170397        2.4383035663012009     
   123.56266666666677        1.3497237619073374       0.48373648701384797     
   124.16200000000011        5.2030839674369309        1.5003587620711332     
   124.76133333333344        3.8202025561362927        1.0995984783198047     
   125.36066666666677        2.6254343678953731       0.71533119194346539     
   125.96000000000011        3.5009436129716147       0.85050257776538984     
   126.55933333333344        6.3189819327377936        2.3501503373252488     
   127.15866666666678        3.8506176258194000       0.95956782688686848     
   127.75800000000011        3.1485444395300255       0.84883107296183347     
   128.35733333333343        2.8886942216995837       0.72919393489518713     
   128.95666666666676        2.5164065122814909       0.51925950357224793     
   129.55600000000010        6.2690266859410517        3.1824679691471269     
   130.15533333333343        3.0958275399535418        1.3325866905307504     
   130.75466666666676        3.3255479382427375       0.94579953461386512     
   131.35400000000010        3.2344817532450336       0.92944505601339822     
   131.95333333333343        2.8010961346143377       0.62581778670681121     
   132.55266666666677        3.8732921854364317       0.97907154883245429     
   133.15200000000010        3.0258295305308804       0.89345687550788400     
   133.75133333333343        3.1462948213001027       0.72180371419126432     
   134.35066666666677        2.7764818773114484        1.2171820546138175     
   134.95000000000010        3.8169485922415496       0.89288907461992584     
   135.54933333333344        3.0583795544819061        1.6358330566298571     
   136.14866666666677        3.0923009061641284       0.84921566911865942     
   136.74800000000010        7.7200333956463387        2.4860244431898182     
   137.34733333333344        3.8271883598825922       0.97600443296256834     
   137.94666666666677        2.1700044629856778       0.63985261687332728     
   138.54600000000011        3.8588883926079518       0.93240731845253255     
   139.14533333333344        1.9969734476644310       0.50466988576641514     
   139.74466666666677        3.9930085387411416        1.0284975480518517     
   140.34400000000011        2.5812710816152569       0.69423500051939357     
   140.94333333333344        5.4602106929748215        2.3932493432721076     
   141.54266666666678        2.7533564168916902       0.74526262125761999     
   142.14200000000011        3.0314330645406935       0.79420643425983439     
   142.74133333333344        3.4654521971677745       0.95559075247861114     
   143.34066666666678        1.5080257225355553       0.50305732503168465     
   143.94000000000011        2.4693843411280012       0.58089362799447353     
   144.53933333333345        5.3822765013481613        1.1843242359595534     
   145.13866666666678        1.9055445623127241       0.66845384875001335     
   145.73800000000011        3.0043879813042906       0.84202276978521207     
   146.33733333333345        2.2206608910833556       0.68909926998908111     
   146.93666666666678        1.9879232556874533       0.60641717455362176     
   147.53600000000012        3.2135002769798215        1.4665116051078730     
   148.13533333333345        1.8596446769832311       0.46260469221462042     
   148.73466666666678        2.6079997051740693       0.71233862603111608     
   149.33400000000012        2.0557464312913050       0.58423440936719573     
   149.93333333333345        2.1522534604890229       0.54262958344115164     
   150.53266666666678        5.8151569617060170        2.8378569221184962     
   151.13200000000012        1.8456166565773349       0.64952814198320130     
   151.73133333333345        1.4853019809308290       0.58048611613824819     
   152.33066666666679        1.9297383998115627       0.62740372897774943     
   152.93000000000012        2.7690985081710355       0.93141694337104530     
   153.52933333333345        1.1820362257945034       0.41348920771659270     
   154.12866666666679        1.9834791659651396       0.71701511670850249     
   154.72800000000012        2.1148148247381302       0.64841528919334490     
   155.32733333333346       0.83773780727098002       0.33905165153232891     
   155.92666666666679        2.0452943743171557       0.67361493971873854     
   156.52600000000012       0.76355759624838504       0.28276801685323621     
   157.12533333333346        2.3900091818622733       0.67926937140053933     
   157.72466666666679        1.0763169933461860       0.45627791046568256     
   158.32400000000013        1.5884804495646625       0.51114123064409067     
   158.92333333333346        2.0955041160650825       0.75473223423186586     
   159.52266666666679        1.1309580802147214       0.34558025548916160     
   160.12200000000013        1.4001877268966250       0.43462249349923998     
   160.72133333333346        1.4499426362204089       0.46106094953387322     
   161.32066666666680        1.7669642073546250       0.63542020434699098     
   161.92000000000013        2.3965922742673187        1.3557787907243188     
   162.51933333333346        1.3928147155255395       0.43367185043454953     
   163.11866666666680        2.0721880328380169       0.64099758435721699     
   163.71800000000013       0.94517409414062503       0.42434782876994498     
   164.31733333333347        1.4555500270785600       0.49900988964428766     
   164.91666666666680        1.3563801405388518       0.45507490014402951     
   165.51600000000013        1.1242045057551238       0.46514668893221256     
   166.11533333333347        1.9181916846322866       0.62904476981988755     
   166.71466666666680       0.58982286448436938       0.28958314314034300     
   167.31400000000014       0.93202856757936847       0.39727864061389784     
   167.91333333333347       0.47935290050597457       0.17995688074778368     
   168.51266666666680       0.64747554445601097       0.24065318045150241     
   169.11200000000014       0.94005022586810671       0.47180943782311247     
   169.71133333333347       0.97809933376577229       0.42171047680817575     
   170.31066666666680       0.50053402360861454       0.23703679230301486     
   170.91000000000014       0.41663724029060029       0.26370725694409247     
   171.50933333333347        1.0963193388053274       0.52895034137990116     
   172.10866666666681       0.51781926320808536       0.25349238116813239     
   172.70800000000014       0.61676372946126368       0.31787883771814518     
   173.30733333333347       0.26395806564986934       0.17512377104084162     
   173.90666666666681       0.67591261880085585       0.52701772135859160     
   174.50600000000014       0.41250847941815422       0.20954581753076587     
   175.10533333333348        5.5533242159180193E-002   4.8544066530100842E-002
   175.70466666666681       0.21085075141714887       0.19547964787878469     
   176.30400000000014       0.58081650882407387       0.31634349946455276     
   176.90333333333348       0.38519534283062090       0.27240339952227677     
   177.50266666666681       0.32216135975380800       0.32172312060767805     
   178.10200000000015        0.0000000000000000        0.0000000000000000     
   178.70133333333348       0.14507905296984144       0.14506773414376845     
   179.30066666666681        0.0000000000000000        0.0000000000000000     
