  0.21131675000000000        1951.8008715375918        1780.5795402243059     
  0.21131902750000001        1558.4640627006115        1372.5247230336188     
  0.21132130500000001        5121.3199461644963        2430.2454951998288     
  0.21132358250000002        8172.0660707174702        4588.7338638257443     
  0.21132586000000003        16724.141832602214        11501.004668511297     
  0.21132813750000004        14441.922598255438        7756.7826767440229     
  0.21133041500000005        8607.7604740550341        5112.7509280169188     
  0.21133269250000006        5788.3433144465707        2793.2767329179746     
  0.21133497000000007        2566.4819404406712        1774.3806741858991     
  0.21133724750000007        9829.8664320118423        7460.2510081102473     
  0.21133952500000008        23951.675139081584        17170.449777304377     
  0.21134180250000009        17011.979545445080        7539.3444102395670     
  0.21134408000000010        187648.97194711131        130843.90637017546     
  0.21134635750000011        18602.906627736604        8763.7810248099049     
  0.21134863500000012        30190.548932616257        21772.903978699338     
  0.21135091250000013        132509.60767537827        90114.557631835152     
  0.21135319000000014        48181.281371281424        25768.890984797195     
  0.21135546750000014        554.52604247406055        278.32769698378183     
  0.21135774500000015        12653.816356648224        6312.1401511378908     
  0.21136002250000016        54822.247857534952        31448.601891935734     
  0.21136230000000017        22191.412286987608        11290.008344009879     
  0.21136457750000018        81302.592275425399        71593.505740273904     
  0.21136685500000019        65862.631485253980        38728.510364236230     
  0.21136913250000020        1956.7528847958729        1100.8650422662924     
  0.21137141000000020        21901.172020153714        14708.892226111018     
  0.21137368750000021        29352.684141590584        15976.898493917464     
  0.21137596500000022        32030.412988465108        17770.576382727799     
  0.21137824250000023        64232.630876944684        35484.554493256001     
  0.21138052000000024        101154.20973237127        58928.350986962250     
  0.21138279750000025        11222.474246974349        5645.4227274222303     
  0.21138507500000026        12229.748436394339        7442.7025441044370     
  0.21138735250000026        5246.9728141840351        3237.3270612736178     
  0.21138963000000027        3059.0725760339096        2471.3172725898612     
  0.21139190750000028        44663.731765129873        30164.914333409997     
  0.21139418500000029        11250.365136643544        7567.9736123566663     
  0.21139646250000030        67662.745326110278        47956.078332756282     
  0.21139874000000031        25121.737666878380        11883.116867462380     
  0.21140101750000032        96503.121818591302        52092.300394470170     
  0.21140329500000032        21919.684976910790        14183.905037940880     
  0.21140557250000033        2637.5829799401718        1877.3340507190535     
  0.21140785000000034        75406.839814051462        39687.020556355579     
  0.21141012750000035        12711.011805878128        6718.0331136589866     
  0.21141240500000036        17402.501673258987        10369.533860553744     
  0.21141468250000037        16658.241159162346        8249.0371434095487     
  0.21141696000000038        290569.53477443632        262763.70171713957     
  0.21141923750000038        9810.2241500259588        4543.9872468072699     
  0.21142151500000039        15887.852484937655        9575.5921590903054     
  0.21142379250000040        14960.550128472323        8911.7429996670216     
  0.21142607000000041        168648.17809662060        92403.586304258642     
  0.21142834750000042        238362.86242324620        159962.54866862562     
  0.21143062500000043        16354.614437515260        11638.039538987949     
  0.21143290250000044        23142.984508798228        12379.516419856200     
  0.21143518000000044        21609.410567777784        8846.6647021297049     
  0.21143745750000045        61653.749662534261        42444.669995987286     
  0.21143973500000046        67977.374017159455        42866.882069919666     
  0.21144201250000047        37843.233337716265        22794.946997101764     
  0.21144429000000048        21510.799314306802        11847.731364211062     
  0.21144656750000049        212146.01563698138        109511.44401104006     
  0.21144884500000050        26786.957325586005        12686.671265954657     
  0.21145112250000050        20455.457387503480        13318.264637980494     
  0.21145340000000051        329646.05425026687        193663.93664641120     
  0.21145567750000052        52776.503832287919        35640.687891919035     
  0.21145795500000053        31179.852286073929        20811.029130838884     
  0.21146023250000054        55661.996820252454        26285.395835259435     
  0.21146251000000055        48475.169517893446        28211.367933236503     
  0.21146478750000056        223952.89080735191        138218.50120788763     
  0.21146706500000056        48375.242667255006        27375.946436243852     
  0.21146934250000057        98668.508439079887        59714.404610603851     
  0.21147162000000058        4898.6149046379205        2910.2699418743277     
  0.21147389750000059        19723.408929373880        9080.5370347280605     
  0.21147617500000060        49132.343908873292        29736.410320009672     
  0.21147845250000061        43188.884846428868        18003.215228654833     
  0.21148073000000062        13705.882244869395        9493.4354846366095     
  0.21148300750000062        53952.243259055584        27765.136364700589     
  0.21148528500000063        26659.654981161650        14624.552921060906     
  0.21148756250000064        10273.499891199555        5089.8666992371782     
  0.21148984000000065        103579.63023204413        70524.476787847234     
  0.21149211750000066        38548.558992258571        30592.494359475975     
  0.21149439500000067        77665.946607690275        60316.272425871932     
  0.21149667250000068        160138.59791392201        76974.328723145460     
  0.21149895000000069        39700.631829110105        16210.001444817188     
  0.21150122750000069        29130.969874454677        12981.506458541826     
  0.21150350500000070        126653.30821297655        69388.773479784140     
  0.21150578250000071        117221.94667924495        82233.024054661641     
  0.21150806000000072        167838.18687961542        106754.53363239575     
  0.21151033750000073        135234.71571134531        101950.12566753483     
  0.21151261500000074        32214.017394557577        14326.322161187092     
  0.21151489250000075        265321.85738788336        165113.66138014570     
  0.21151717000000075        29736.177606349218        16365.615656340035     
  0.21151944750000076        127843.41684416756        60566.022320800694     
  0.21152172500000077        2400.4701337443294        1522.1438123452333     
  0.21152400250000078        116636.90413867985        51795.685006756627     
  0.21152628000000079        36871.308452826415        17626.567185117583     
  0.21152855750000080        97367.799484964518        49751.377057650701     
  0.21153083500000081        166650.76208938006        106309.16979109020     
  0.21153311250000081        208173.97462349024        112870.94918035029     
  0.21153539000000082        138452.89707913512        56586.759319067562     
  0.21153766750000083        9962.7788436080755        4920.6071663303546     
  0.21153994500000084        90006.878716672858        58676.894668612069     
  0.21154222250000085        114039.97633967157        70534.492069138636     
  0.21154450000000086        158057.85979535826        97573.210153906010     
  0.21154677750000087        105416.38242610115        90494.337666131498     
  0.21154905500000087        25036.032619414840        15389.419646489578     
  0.21155133250000088        250262.82091347026        113671.59237567622     
  0.21155361000000089        57701.228954266175        34871.430240403643     
  0.21155588750000090        309131.42258041899        205901.24440132544     
  0.21155816500000091        6039.0428724400326        3080.2127095679698     
  0.21156044250000092        118171.99691401700        73469.928653541865     
  0.21156272000000093        25240.546987354504        9936.4767260831777     
  0.21156499750000093        126334.42526327434        73863.013811317433     
  0.21156727500000094        45554.023567300435        23316.684791843116     
  0.21156955250000095        23922.709163434247        14859.578910976552     
  0.21157183000000096        171571.11542990533        95001.146379729893     
  0.21157410750000097        44730.082021149341        24476.883972298339     
  0.21157638500000098        216807.01330994972        107798.89335944346     
  0.21157866250000099        98254.923293163083        46169.495120795124     
  0.21158094000000099        201932.16355187929        121283.54639515511     
  0.21158321750000100        91978.719588128064        67938.913175035646     
  0.21158549500000101        144400.45829439838        96484.113276279866     
  0.21158777250000102        121379.81344381641        50877.562259629296     
  0.21159005000000103        36909.092857921671        20806.000568048159     
  0.21159232750000104        74318.272218497994        38483.434466642590     
  0.21159460500000105        112810.15988997322        46566.081901406273     
  0.21159688250000105        149611.30487857474        81129.354886060217     
  0.21159916000000106        90470.158148289673        84276.616228961153     
  0.21160143750000107        88329.666102553965        40741.212473341620     
  0.21160371500000108        263666.35637321172        158881.84092882671     
  0.21160599250000109        300731.74032575369        157839.23946390598     
  0.21160827000000110        123817.22919096860        63581.161929557908     
  0.21161054750000111        23185.855233941122        13878.135681657428     
  0.21161282500000111        238634.81965401958        125422.72339422257     
  0.21161510250000112        124065.78278153886        67995.272875918337     
  0.21161738000000113        31942.951864893330        14385.564441286861     
  0.21161965750000114        157706.38255713967        77824.860496939713     
  0.21162193500000115        212820.74594302254        159639.45944542493     
  0.21162421250000116        226572.49712300597        96447.191656534225     
  0.21162649000000117        104667.44392048137        43903.063555485591     
  0.21162876750000117        14358.499941474767        6524.7193154475508     
  0.21163104500000118        161386.04197646552        76715.805327997776     
  0.21163332250000119        233446.10505493105        136749.48627670467     
  0.21163560000000120        95279.543795222664        61514.330077803126     
  0.21163787750000121        210700.34359324703        97971.649785829839     
  0.21164015500000122        132939.06416866218        68619.854333423616     
  0.21164243250000123        415358.28871412948        187591.35761850004     
  0.21164471000000123        99791.338496021199        61504.396402746854     
  0.21164698750000124        51332.647763199100        48429.591542137074     
  0.21164926500000125        111890.26504587688        45740.114663031563     
  0.21165154250000126        233040.22414860307        110150.12194140862     
  0.21165382000000127        288762.87714310916        182239.08287166152     
  0.21165609750000128        69338.487461488752        34288.263712226697     
  0.21165837500000129        295814.17503515002        145546.76003863607     
  0.21166065250000130        156545.67842569994        104378.93248749911     
  0.21166293000000130        174607.46583277566        96283.851671543584     
  0.21166520750000131        384660.90562430210        210770.34828264423     
  0.21166748500000132        143853.97196115938        93610.537842462538     
  0.21166976250000133        191434.45339583568        88768.231404411112     
  0.21167204000000134        221437.32335039336        134680.93615510975     
  0.21167431750000135        61923.249934724045        27297.493842015803     
  0.21167659500000136        233131.34802494201        114905.95680857160     
  0.21167887250000136        136425.08638874293        46927.080049275661     
  0.21168115000000137        207579.28120755363        85683.145034175221     
  0.21168342750000138        42647.973420452407        19750.211571822892     
  0.21168570500000139        104327.50641153613        42422.718727456609     
  0.21168798250000140        214779.53706079884        100606.80166793312     
  0.21169026000000141        255959.65087675990        119855.89582466819     
  0.21169253750000142        145842.25688275060        82884.842052852211     
  0.21169481500000142        115600.03849417550        45958.962419990552     
  0.21169709250000143        145354.56309272556        61255.990825401022     
  0.21169937000000144        97433.167768210798        52395.923411449316     
  0.21170164750000145        419931.00408872101        156205.19933585517     
  0.21170392500000146        114612.41827559848        54763.411823780305     
  0.21170620250000147        185528.71538667174        91464.331300059799     
  0.21170848000000148        142507.21133261669        60437.025398786580     
  0.21171075750000148        259941.80487859002        144473.11900448878     
  0.21171303500000149        65552.177216842712        31468.213562150871     
  0.21171531250000150        256726.46112093370        132855.17760796461     
  0.21171759000000151        428141.02284673706        192221.55563451222     
  0.21171986750000152        262384.33366674167        134068.75921234270     
  0.21172214500000153        253093.96881133548        116701.26197757944     
  0.21172442250000154        140180.21579562925        80469.949839668028     
  0.21172670000000154        337456.34415192198        151065.73290373964     
  0.21172897750000155        292622.54919700319        125390.70974392940     
  0.21173125500000156        325213.76231227384        132776.12212659014     
  0.21173353250000157        158062.16379942428        74973.395148126219     
  0.21173581000000158        145770.47549814885        76087.371066444626     
  0.21173808750000159        166081.85728993302        68245.499734088240     
  0.21174036500000160        418396.44757286942        160993.31198897798     
  0.21174264250000160        197669.97612820135        61017.027812376968     
  0.21174492000000161        241079.87282204154        120846.37717988153     
  0.21174719750000162        415269.01769533608        325792.26821972465     
  0.21174947500000163        404516.90395042725        161481.09760921804     
  0.21175175250000164        157451.42025037820        106839.23478344649     
  0.21175403000000165        125749.81795630445        48968.414671952589     
  0.21175630750000166        89932.497396513616        64250.351345892137     
  0.21175858500000166        593000.42322917131        207592.51321466922     
  0.21176086250000167        157902.15791060898        87091.255819634229     
  0.21176314000000168        231211.33731860161        126926.68857190198     
  0.21176541750000169        375368.62487375160        147888.64238230593     
  0.21176769500000170        58879.622440455678        24981.804869862954     
  0.21176997250000171        347854.94932160445        122397.00416871668     
  0.21177225000000172        302319.13609028218        108943.71977171047     
  0.21177452750000172        352648.87283372821        182970.18761837835     
  0.21177680500000173        242849.81907922516        96070.722233541193     
  0.21177908250000174        365315.45159860520        147815.17432966313     
  0.21178136000000175        290488.41609059990        127247.89315315806     
  0.21178363750000176        234262.37143115766        135144.36026310836     
  0.21178591500000177        307327.98204305995        118288.90496209265     
  0.21178819250000178        334162.23155166564        115071.66246672274     
  0.21179047000000178        269289.13451639132        138051.66092749735     
  0.21179274750000179        329390.89018092299        122064.19245905067     
  0.21179502500000180        330322.29477520130        136193.70675857671     
  0.21179730250000181        362257.32904880954        150659.59929625961     
  0.21179958000000182        267466.36767803226        122872.69445417495     
  0.21180185750000183        170991.62627002617        68849.444563811325     
  0.21180413500000184        485772.78291942226        196755.10546479721     
  0.21180641250000184        124633.46003003133        55822.496644487808     
  0.21180869000000185        300427.45765747136        111188.90798047408     
  0.21181096750000186        275986.71823914460        93837.148083385371     
  0.21181324500000187        648477.39752399735        187186.70829422693     
  0.21181552250000188        428945.60281525599        195970.55337104743     
  0.21181780000000189        350117.16990958789        129808.53402345393     
  0.21182007750000190        509204.82080137491        194595.64912488134     
  0.21182235500000191        252586.79001300683        108703.15961755707     
  0.21182463250000191        289518.10439819848        104992.66515250178     
  0.21182691000000192        484501.60030313575        205013.18989186018     
  0.21182918750000193        407890.01184128813        163661.65859097140     
  0.21183146500000194        204782.39718656920        75968.066214288701     
  0.21183374250000195        169853.51793586390        67119.084602412520     
  0.21183602000000196        511264.00968977698        187083.77123968274     
  0.21183829750000197        428104.88435150351        142879.10369200763     
  0.21184057500000197        455157.90847037139        161557.84047153464     
  0.21184285250000198        448330.12684042676        162941.10647495321     
  0.21184513000000199        943537.15678345563        284748.00278649299     
  0.21184740750000200        418294.80401019525        149947.45097467021     
  0.21184968500000201        332288.37188646878        102129.05697880099     
  0.21185196250000202        542816.37962560286        171842.33773030379     
  0.21185424000000203        282647.13497946755        91586.620590066042     
  0.21185651750000203        270690.06783713395        84078.794788125131     
  0.21185879500000204        740800.86278205190        251514.53099282415     
  0.21186107250000205        105125.31724732686        44333.229037413104     
  0.21186335000000206        171003.11384692995        76638.981532532853     
  0.21186562750000207        406749.34992443532        113288.33547789697     
  0.21186790500000208        711332.94618029858        258495.81062009648     
  0.21187018250000209        615204.96534523601        194188.38856340121     
  0.21187246000000209        784549.58025668608        248277.28750909667     
  0.21187473750000210        575834.31048956222        202805.26642905091     
  0.21187701500000211        665317.62617947487        436048.52723537764     
  0.21187929250000212        381212.31556153821        140841.81433232361     
  0.21188157000000213        661844.04820492619        152508.07358483813     
  0.21188384750000214        546854.76731941768        128821.30048586897     
  0.21188612500000215        370027.64287912130        125439.45016758490     
  0.21188840250000215        578015.70296190470        160296.26238946078     
  0.21189068000000216        396657.28294125915        107901.17287837027     
  0.21189295750000217        522613.50926659693        148963.26106687202     
  0.21189523500000218        539499.15032162296        130863.89940432063     
  0.21189751250000219        541128.03007515450        177257.40613522462     
  0.21189979000000220        709890.59657657449        190830.06854894312     
  0.21190206750000221        594570.84270875133        170411.48243191937     
  0.21190434500000221        445442.12806689978        121346.11691235418     
  0.21190662250000222        1133607.2066182394        292677.36060798127     
  0.21190890000000223        362162.76617037709        124693.01491251959     
  0.21191117750000224        1036630.1912932626        257101.45387287723     
  0.21191345500000225        664616.24108913343        209721.39279048704     
  0.21191573250000226        1077659.1708675998        292036.64935150236     
  0.21191801000000227        774282.60403407109        211713.36333583831     
  0.21192028750000227        817250.44809255784        205835.61928292699     
  0.21192256500000228        678760.83664865431        174098.88815979668     
  0.21192484250000229        1326710.0663261903        358919.89890947944     
  0.21192712000000230        1826976.2838910671        452023.56236794358     
  0.21192939750000231        893390.89691131504        237752.70912632067     
  0.21193167500000232        826510.39352158457        181101.23739659420     
  0.21193395250000233        1476744.0249211947        367324.90586426575     
  0.21193623000000233        752168.40788516728        162749.89698149427     
  0.21193850750000234        670109.89292398386        192866.46643885167     
  0.21194078500000235        1462801.1575567697        346223.70334985759     
  0.21194306250000236        1421607.6601151407        282491.49643642665     
  0.21194534000000237        1127316.2950158380        275531.94024913054     
  0.21194761750000238        1586833.3033154502        296050.50863816659     
  0.21194989500000239        1556070.5658557443        302625.98416368710     
  0.21195217250000239        1852300.1770477423        368363.24510592897     
  0.21195445000000240        1061207.8001500778        258455.82283099342     
  0.21195672750000241        1131471.3730084824        232500.01813275306     
  0.21195900500000242        2001188.6283255203        378741.49774856621     
  0.21196128250000243        2294628.8908032067        391182.10213904275     
  0.21196356000000244        1753065.1284858217        324616.71199979464     
  0.21196583750000245        2315585.8865147945        401877.84353137674     
  0.21196811500000245        1590870.0803648497        304221.72486565460     
  0.21197039250000246        1963799.0681673330        324284.80843097961     
  0.21197267000000247        2804995.1172105693        438321.94711665041     
  0.21197494750000248        2392025.5348568144        315548.11404544517     
  0.21197722500000249        3578431.5684265909        516992.34753994417     
  0.21197950250000250        3192321.6697339974        411825.26312497735     
  0.21198178000000251        3597401.9768463951        459016.92409788852     
  0.21198405750000252        3092684.6485356959        405918.38608390524     
  0.21198633500000252        6494997.4480059361        660804.51097860152     
  0.21198861250000253        7198426.4321257044        683588.11519373942     
  0.21199089000000254        6489930.0003037937        629684.30046552559     
  0.21199316750000255        11410349.926260978        850288.08562856284     
  0.21199544500000256        16461700.407447396        1374429.8891365328     
  0.21199772250000257        82962060.462800533        5676632.9483915186     
