  0.10000000000000001        0.0000000000000000        0.0000000000000000     
  0.69933333333333336       0.14507905296984144       0.14506773414376845     
   1.2986666666666666        0.0000000000000000        0.0000000000000000     
   1.8980000000000001       0.12071881773817555       0.12053875437792114     
   2.4973333333333336       0.61798079178702769       0.42256678470192055     
   3.0966666666666671       0.56871721783733309       0.31620518428148814     
   3.6960000000000006       0.28169891196455538       0.20097919950790366     
   4.2953333333333337        9.8964774662786831E-002   9.8361005259596249E-002
   4.8946666666666667       0.20077056634243348       0.11307850877006842     
   5.4939999999999998       0.68275487993835049       0.52706124712364344     
   6.0933333333333328       0.24100492403748233       0.17436497780435206     
   6.6926666666666659       0.61625443754982190       0.31784359680745394     
   7.2919999999999989       0.53383724916844544       0.25408017438341274     
   7.8913333333333320        1.3273268466730721       0.57322316990865674     
   8.4906666666666659       0.33960225671000988       0.18547257570490994     
   9.0899999999999999       0.37240886296470266       0.20519969804618948     
   9.6893333333333338       0.95671004311319041       0.42116377479286865     
   10.288666666666668       0.97642933807693877       0.47250410906300061     
   10.888000000000002       0.56671331698440919       0.23385360980735326     
   11.487333333333336       0.65060317938212697       0.24021201149386448     
   12.086666666666670        1.0638114977944264       0.44256381394879601     
   12.686000000000003       0.51841617355902059       0.25017956731657104     
   13.285333333333337        2.1762250695978329       0.70895701513817955     
   13.884666666666671       0.93838444675454546       0.38501328335002105     
   14.484000000000005        1.4626667407552574       0.44847758252168607     
   15.083333333333339       0.97303072668021373       0.35697457274063660     
   15.682666666666673       0.88370902269798790       0.42454919799969476     
   16.282000000000007        1.9125201125595974       0.60719267007205546     
   16.881333333333341        2.2042358725452225       0.58860671619139582     
   17.480666666666675        2.7309434420602732        1.4387340165434064     
   18.080000000000009        1.3107530573329551       0.42058301719914992     
   18.679333333333343        1.0936814753937949       0.39456391824431103     
   19.278666666666677        1.4678348414151710       0.45003755369769866     
   19.878000000000011       0.81113752129949368       0.30208269842233670     
   20.477333333333345        2.3465365752253100       0.75645018911022610     
   21.076666666666679        1.5808221275344096       0.50333256212817890     
   21.676000000000013        1.4680264556421612       0.56443974868937186     
   22.275333333333347        2.3801790679950208       0.67443429822782575     
   22.874666666666680        1.1039310158873290       0.47179938031516444     
   23.474000000000014        1.3145612341898414       0.45536307641246232     
   24.073333333333348        1.2703076754272233       0.43006988898111370     
   24.672666666666682        1.7231380216296690       0.61970403166253984     
   25.272000000000016        1.8541033667982199       0.70281836574877798     
   25.871333333333350        1.4935803476760321       0.58186344321371897     
   26.470666666666684        1.0061912004698086       0.31879949375858341     
   27.070000000000018        2.8977036290700564       0.88566668580719554     
   27.669333333333352        1.4530424882789761       0.56794265558220081     
   28.268666666666686        2.2126839571152326       0.74489478845505841     
   28.868000000000020        5.4232874412026932        2.8392001642068538     
   29.467333333333354        2.3295420830269218       0.56260235966768490     
   30.066666666666688        1.8403705384731184       0.56344950103357760     
   30.666000000000022        2.5438805974649314       0.67139143811403768     
   31.265333333333356        2.2369904878893272       0.59064781292501689     
   31.864666666666690        3.0535737280686073        1.3853911702891377     
   32.464000000000020        1.9041919036977137       0.57299151496550127     
   33.063333333333354        2.0402282546396244       0.56850110293450540     
   33.662666666666688        3.1543949548714592       0.88827440295711257     
   34.262000000000022        1.8461059592159936       0.65674803852581209     
   34.861333333333356        5.1134250206045566        1.1576637746065797     
   35.460666666666690        2.5720924992592820       0.60517192115476681     
   36.060000000000024        1.8326206530375355       0.57885212576488843     
   36.659333333333358        3.3860601672537318       0.94192163405035068     
   37.258666666666691        3.3017378256333991       0.78606521251570893     
   37.858000000000025        1.9207771312512558       0.61046747050540551     
   38.457333333333359        5.3733678379770646        2.3842588650639058     
   39.056666666666693        2.6322727065882034       0.76492420857497123     
   39.656000000000027        4.1408970965271488        1.0295865375298761     
   40.255333333333361        2.3273645187797136       0.63096555160030598     
   40.854666666666695        4.1014418159871724       0.99901403901990782     
   41.454000000000029        2.1705952596235205       0.61999540864026015     
   42.053333333333363        4.2103052833270977       0.98722543442877453     
   42.652666666666697        6.9216572272046131        2.4435336623307804     
   43.252000000000031        3.5475848109987340       0.93970991995453601     
   43.851333333333365        3.0619844223768609        1.6421972502757867     
   44.450666666666699        3.0785568925307119       0.78794800067928228     
   45.050000000000033        3.1744048317226166        1.2500598373841754     
   45.649333333333367        3.6853107820023414       0.85862642805285549     
   46.248666666666701        2.5488092491460206       0.80992162953660096     
   46.848000000000035        3.7925399711778871       0.95826111008266668     
   47.447333333333368        2.7752800924113168       0.67387213039677463     
   48.046666666666702        4.0311657503262150       0.94167832676311114     
   48.646000000000036        2.6364043468765299       0.90495520950202468     
   49.245333333333370        4.0640017717836665        1.4494827686963909     
   49.844666666666704        5.6279630799766576        3.1659166569737889     
   50.444000000000038        3.0203668077146291       0.64754818911236534     
   51.043333333333372        3.0249570199639697       0.75028667491948742     
   51.642666666666706        2.6425064413261272       0.73703746325264263     
   52.242000000000040        2.3534332938525315       0.60902953857610886     
   52.841333333333374        6.3837295976091903        2.0654693281416017     
   53.440666666666708        4.0947576622680479        1.1643008574337852     
   54.040000000000042        3.6631564785701625       0.95609120778784229     
   54.639333333333376        3.7787537476948261        1.1392444228968372     
   55.238666666666710        4.4649975160945772        1.3589659387454813     
   55.838000000000044        2.4822845656003363       0.67170153566121982     
   56.437333333333378        6.8513133541898430        2.5054671627411058     
   57.036666666666711        2.1059397622168605       0.75220915649832376     
   57.636000000000045        3.9354294306933530        1.1038908606494227     
   58.235333333333379        4.0223373395075823        1.1355551287912142     
   58.834666666666713        3.4092825366721313       0.83791438692457165     
   59.434000000000047        7.8595667137758962        5.1715965770880929     
   60.033333333333381        10.660350139209466        6.4480803377672071     
   60.632666666666715        2.8106277359571665       0.75670006553182989     
   61.232000000000049        3.8155497680569757       0.94644266490645002     
   61.831333333333383        5.3307963286486491        2.0257520669257700     
   62.430666666666717        4.1054015177855643        1.1456702129625318     
   63.030000000000051        5.1278978691604928        1.2230593327323576     
   63.629333333333385        4.7278934661321195        1.1112205757124760     
   64.228666666666712        3.8738433921818429        1.0101018853790522     
   64.828000000000046        5.1711943247839001        1.1804864400255028     
   65.427333333333380        3.0661306936098396       0.95465272101928877     
   66.026666666666713        4.3630654964225357        1.3521452928374427     
   66.626000000000047        5.3112938662521314        1.3333015886656927     
   67.225333333333381        3.4572910578920100       0.98102531857848585     
   67.824666666666715        4.1485559260420795        1.2692395691005276     
   68.424000000000049        4.4620309232326925        1.2010710477061148     
   69.023333333333383        4.7216812306270572        1.1946877360575059     
   69.622666666666717        4.4257807422634778        1.2893517645158987     
   70.222000000000051        4.6243460746805090        2.4434998052646635     
   70.821333333333385        4.4774813351384974        1.1037726403911166     
   71.420666666666719        2.5236913878456453       0.75893570119882758     
   72.020000000000053        4.3914260983911184        1.3547142053642622     
   72.619333333333387        4.3204071147853460        1.0516054376992605     
   73.218666666666721        3.8653667061879284        1.3793365906542021     
   73.818000000000055        4.0603563714014417        1.1078386084097567     
   74.417333333333389        6.2250220334535111        1.9461725225687216     
   75.016666666666723        4.0550501146840023        1.1414677752354083     
   75.616000000000057        3.3775328209564242        1.0916059705107413     
   76.215333333333390        3.3140204120555325        1.0636678689656702     
   76.814666666666724        3.6278494689712453        1.0000423768046656     
   77.414000000000058        2.7511530220454130       0.79101153561517634     
   78.013333333333392        4.9376156332540040        1.2611606017555981     
   78.612666666666726        4.1737358172456824        1.0553217231469407     
   79.212000000000060        3.0785974263934075       0.87480636477813134     
   79.811333333333394        3.2406455190358487       0.89366932434805668     
   80.410666666666728        4.5079365995898222        1.3141855310198001     
   81.010000000000062        3.4246072006252635       0.91634465419455335     
   81.609333333333396        2.4348406079861138       0.82280210634207529     
   82.208666666666730        2.0344460342546564       0.80501044794451171     
   82.808000000000064        5.0956100310281345        1.3827188938326209     
   83.407333333333398        4.7436798470387327        1.1375547518143498     
   84.006666666666732        5.1824469073552484        1.4343402737816948     
   84.606000000000066        5.1949113053623561        1.2632488993822102     
   85.205333333333400        16.099438196551990        7.2887847779388224     
   85.804666666666733        3.5791385085604084        1.0422048646644564     
   86.404000000000067        3.9225372464241262        1.0540012113928392     
   87.003333333333401        5.4823798677812805        2.5033148426993961     
   87.602666666666735        4.4616349414373593        1.2432039530454282     
   88.202000000000069        2.2317050582610509       0.77357715792035808     
   88.801333333333403        5.0760259168310835        1.3584491672515915     
   89.400666666666737        4.1634891779097112       0.94795688824282764     
   90.000000000000071        2.8013726040286864       0.76849449742424525     
   90.599333333333405        6.0950548824108441        1.7039422501178130     
   91.198666666666739        5.5677885550042809        1.4797305452086493     
   91.798000000000073        8.5116817845038941        3.4778094250234353     
   92.397333333333407        3.1772292562380087       0.95335386859293669     
   92.996666666666741        4.7474762274302487        1.1589069184833809     
   93.596000000000075        1.9348377418542062       0.62821039152369929     
   94.195333333333409        2.6143610717629455       0.81749498788130803     
   94.794666666666743        3.2375693761776492       0.82855683673026492     
   95.394000000000077        3.3017679755533016       0.92434012409015509     
   95.993333333333410        5.5287721355425541        1.5099856583541678     
   96.592666666666744        3.0466871755908622       0.87591386648305791     
   97.192000000000078        3.4994807630907405        1.0289697962628022     
   97.791333333333412        5.4421277068043805        1.4207271293993409     
   98.390666666666746        4.8105229642913212        1.2542100471107804     
   98.990000000000080        5.7107213779987367        2.5576606419618368     
   99.589333333333414        2.7751558454405614        1.0151353493085287     
   100.18866666666675        3.1995991390501115       0.85943282575309010     
   100.78800000000008        2.7891460760265852       0.85830119785315806     
   101.38733333333342        4.3355421919487398        1.1774670859936229     
   101.98666666666675        3.2296079329610765       0.92353251437699058     
   102.58600000000008        4.7177907932837169        1.2178232476564770     
   103.18533333333342        4.4311088476003215        1.1324302460872462     
   103.78466666666675        3.6976339919927010        1.0624760974627361     
   104.38400000000009        3.4104119308668244        1.0249934509557925     
   104.98333333333342        3.8581600533193452       0.94331255617750109     
   105.58266666666675        3.9768041021807212        1.0041487018583726     
   106.18200000000009        2.9074461993027629       0.75160637138967190     
   106.78133333333342        6.1542185343411520        1.7035264514672803     
   107.38066666666676        4.3598534116342229        1.3833146263842540     
   107.98000000000009        5.1392300299548737        1.8259911958183150     
   108.57933333333342        6.7744853788310335        2.0629133137653408     
   109.17866666666676        1.9241241198008014       0.67874196565471434     
   109.77800000000009        3.9244911903236144        1.3413975302447507     
   110.37733333333343        4.8229183456578690        1.8774453818873134     
   110.97666666666676        6.5764961334466241        1.5595445223096824     
   111.57600000000009        5.4041866500492883        1.3945031653189475     
   112.17533333333343        2.9005826305864106       0.74235455536568007     
   112.77466666666676        2.3274601172606428       0.69432061617046492     
   113.37400000000009        3.2265671960031046       0.84649402138025465     
   113.97333333333343        5.9930969215483465        1.4752974874529967     
   114.57266666666676        3.8848646370903759        1.0275165625106888     
   115.17200000000010        4.1832862752019588        1.3244386641110681     
   115.77133333333343        3.9911972829808025        1.4076591823939502     
   116.37066666666676        6.0698932553863720        1.4416928746181494     
   116.97000000000010        2.6300942295804095       0.87302940625711367     
   117.56933333333343        4.8248724703018162        1.2192927006896246     
   118.16866666666677        3.1275707898593126       0.84139648997967842     
   118.76800000000010        2.4923023107426907       0.75184225298099350     
   119.36733333333343        3.2027779761618773       0.97109485760951075     
   119.96666666666677        2.5255456945477497       0.73605058317572136     
   120.56600000000010        4.5701261858830042        1.8150150494806259     
   121.16533333333344        3.6131103735965890        1.0160952716222971     
   121.76466666666677        5.2807049702852096        1.1873426085162353     
   122.36400000000010        2.5593130718193713       0.80106301510575950     
   122.96333333333344        6.8749016745975355        4.6360723430391095     
   123.56266666666677        4.1879041156091050        1.1424582872877682     
   124.16200000000011        3.9839977461927560       0.89102391838494266     
   124.76133333333344        3.1860891596303507       0.71140257107569393     
   125.36066666666677        5.6775841335132240        1.6154575612910189     
   125.96000000000011        5.5412317791322776        1.2428974721124959     
   126.55933333333344        3.8368815886886893       0.97031188219270204     
   127.15866666666678        4.7476228156300060        1.2136339995172503     
   127.75800000000011        3.9639351384681749       0.91781900965265051     
   128.35733333333343        2.3086772135763347       0.68581486006511905     
   128.95666666666676        3.4630976632385648       0.93128684611684565     
   129.55600000000010        5.4806376503909648        3.7646763334741702     
   130.15533333333343        3.0423507598603465       0.83656700490125124     
   130.75466666666676        1.9197887425305449       0.61418759532169653     
   131.35400000000010        11.517511116486091        7.0625965951512653     
   131.95333333333343        2.0484217151831468       0.51772502646866969     
   132.55266666666677        4.0385372691235641        1.8918592170953414     
   133.15200000000010        2.3528264594956010       0.68191272481712595     
   133.75133333333343        1.7715003449060212       0.54499279282836588     
   134.35066666666677        4.5951434678003418        1.4854710968908713     
   134.95000000000010        4.3920938008958696        1.2393973469880040     
   135.54933333333344        3.2734103892503694        1.2486530358427521     
   136.14866666666677        1.8972730996188127       0.54970480671768285     
   136.74800000000010        2.2197381362071913       0.60979691709480977     
   137.34733333333344        2.0857595619434939       0.49646966944753101     
   137.94666666666677        2.2149425195742842       0.52439476603775870     
   138.54600000000011        5.3676835257629625        1.1986145605370164     
   139.14533333333344        2.6856447272717463       0.84488220139697412     
   139.74466666666677        1.4258357241982622       0.50991639264467914     
   140.34400000000011        2.7983545786191182       0.83999819008402921     
   140.94333333333344        2.6563908847834741       0.66422401878130821     
   141.54266666666678        2.8191853540995737        1.0139662405821039     
   142.14200000000011        4.0391437381370210        1.1798337515920860     
   142.74133333333344        2.7967053148005476       0.81667866739146588     
   143.34066666666678        3.3927555530414799        1.2882027908368630     
   143.94000000000011        2.7256175123018314       0.77359853312712579     
   144.53933333333345        2.9308923577163659       0.81844301479731807     
   145.13866666666678        2.6483620776770196       0.69242988874668743     
   145.73800000000011        3.2020388320558029       0.90663730012714694     
   146.33733333333345        2.0555110743454463       0.97884802039678698     
   146.93666666666678        2.2286063868675026       0.73604896979504608     
   147.53600000000012        2.2165429363808959        1.0513714717537259     
   148.13533333333345        2.5059492496125508       0.78819605177549945     
   148.73466666666678        1.2662961150758150       0.33319315371370306     
   149.33400000000012        2.2905488068609063       0.68508486254717837     
   149.93333333333345        13.264454789699281        10.201427134311752     
   150.53266666666678        1.9730382626050549       0.57534966564747980     
   151.13200000000012        1.0226306509949525       0.37156074396703370     
   151.73133333333345        1.5967351889853891       0.49485718321477967     
   152.33066666666679        2.4075076886978866       0.85235647318259289     
   152.93000000000012        1.3654162002131440       0.54627257531728535     
   153.52933333333345        1.1094277938994328       0.40496835891789285     
   154.12866666666679        2.3673266035427756       0.81838596446121892     
   154.72800000000012        2.7518637752963988       0.76025010869197340     
   155.32733333333346       0.96260810939019970       0.33861966516001696     
   155.92666666666679        1.6722582626273368       0.52811617417804735     
   156.52600000000012        1.3197586861217052       0.54741116324114325     
   157.12533333333346        1.2899167862008674       0.41821435764962067     
   157.72466666666679        1.5301055693123986       0.59015740870979116     
   158.32400000000013        1.4561556600956285       0.57110221101943048     
   158.92333333333346        1.4784686514745677       0.47897659274853305     
   159.52266666666679        2.4686828562624319       0.97661298605400815     
   160.12200000000013        1.5612992146708815       0.52216764337150523     
   160.72133333333346        1.2611738074398273       0.36324313205309366     
   161.32066666666680        1.1358185617330916       0.49676046325051809     
   161.92000000000013       0.70179744709108716       0.30108031319766043     
   162.51933333333346        1.3215330233482658       0.45027356284610237     
   163.11866666666680        1.5881237687964207       0.63590875081132336     
   163.71800000000013        1.2666624370626951       0.36414136857345875     
   164.31733333333347        1.4085711342903904       0.63730478187479855     
   164.91666666666680        1.3536866896129809       0.46654860829860001     
   165.51600000000013       0.46259520964146483       0.23396127590677498     
   166.11533333333347       0.58811116530779750       0.35089360795363034     
   166.71466666666680        1.8071071094634255       0.74784938101518816     
   167.31400000000014       0.85001300460853091       0.40476719013673323     
   167.91333333333347        1.1780053523461067       0.53816304524314029     
   168.51266666666680       0.22188659770679661       0.10225031822357813     
   169.11200000000014        1.5760014817062651       0.52103366299044274     
   169.71133333333347       0.85364292636916894       0.30407871761126298     
   170.31066666666680       0.60904553855206101       0.25333580574866421     
   170.91000000000014       0.65951171090884309       0.38396763251826993     
   171.50933333333347       0.37676461014778667       0.27875271586621053     
   172.10866666666681       0.39279466537738172       0.20785909406975703     
   172.70800000000014       0.38782906303016274       0.25112109665853188     
   173.30733333333347       0.34481400600014817       0.17225643475778379     
   173.90666666666681       0.18502256293001343       0.14756290791447563     
   174.50600000000014       0.27116970139271357       0.17367402807121471     
   175.10533333333348       0.45716832639325555       0.34356372850345085     
   175.70466666666681       0.44805521485940369       0.35209076091581021     
   176.30400000000014        7.1413746875474917        6.6658119981133019     
   176.90333333333348       0.37976595820648307       0.21791287878328697     
   177.50266666666681       0.27154653137068668       0.23856185232426982     
   178.10200000000015        6.7085794210911126E-002   4.7397079530002585E-002
   178.70133333333348        5.3337464424929018E-004   5.3333962178336402E-004
   179.30066666666681        1.6970937499896518E-002   1.6969516088821544E-002
