  -1.0000000000000000E-002   0.0000000000000000        0.0000000000000000     
  -9.5800000000000000E-003   0.0000000000000000        0.0000000000000000     
  -9.1599999999999997E-003   0.0000000000000000        0.0000000000000000     
  -8.7399999999999995E-003   0.0000000000000000        0.0000000000000000     
  -8.3199999999999993E-003   0.0000000000000000        0.0000000000000000     
  -7.8999999999999990E-003   0.0000000000000000        0.0000000000000000     
  -7.4799999999999988E-003   0.0000000000000000        0.0000000000000000     
  -7.0599999999999986E-003   0.0000000000000000        0.0000000000000000     
  -6.6399999999999983E-003   0.0000000000000000        0.0000000000000000     
  -6.2199999999999981E-003   0.0000000000000000        0.0000000000000000     
  -5.7999999999999979E-003   0.0000000000000000        0.0000000000000000     
  -5.3799999999999976E-003   0.0000000000000000        0.0000000000000000     
  -4.9599999999999974E-003   0.0000000000000000        0.0000000000000000     
  -4.5399999999999972E-003   0.0000000000000000        0.0000000000000000     
  -4.1199999999999969E-003   0.0000000000000000        0.0000000000000000     
  -3.6999999999999967E-003   0.0000000000000000        0.0000000000000000     
  -3.2799999999999965E-003   0.0000000000000000        0.0000000000000000     
  -2.8599999999999962E-003   0.0000000000000000        0.0000000000000000     
  -2.4399999999999960E-003   0.0000000000000000        0.0000000000000000     
  -2.0199999999999958E-003   0.0000000000000000        0.0000000000000000     
  -1.5999999999999957E-003   0.0000000000000000        0.0000000000000000     
  -1.1799999999999957E-003   0.0000000000000000        0.0000000000000000     
  -7.5999999999999571E-004   0.0000000000000000        0.0000000000000000     
  -3.3999999999999569E-004   988379.91843472887        32848.568528236268     
   8.0000000000004330E-005   253168.41027210513        8677.9358222109440     
   5.0000000000000435E-004   18425.187955122336        2374.0916601866516     
   9.2000000000000436E-004   0.0000000000000000        0.0000000000000000     
   1.3400000000000044E-003   0.0000000000000000        0.0000000000000000     
   1.7600000000000044E-003   0.0000000000000000        0.0000000000000000     
   2.1800000000000044E-003   0.0000000000000000        0.0000000000000000     
   2.6000000000000042E-003   0.0000000000000000        0.0000000000000000     
   3.0200000000000045E-003   0.0000000000000000        0.0000000000000000     
   3.4400000000000047E-003   0.0000000000000000        0.0000000000000000     
   3.8600000000000049E-003   0.0000000000000000        0.0000000000000000     
   4.2800000000000052E-003   0.0000000000000000        0.0000000000000000     
   4.7000000000000054E-003   0.0000000000000000        0.0000000000000000     
   5.1200000000000056E-003   0.0000000000000000        0.0000000000000000     
   5.5400000000000059E-003   0.0000000000000000        0.0000000000000000     
   5.9600000000000061E-003   0.0000000000000000        0.0000000000000000     
   6.3800000000000063E-003   0.0000000000000000        0.0000000000000000     
   6.8000000000000066E-003   0.0000000000000000        0.0000000000000000     
   7.2200000000000068E-003   0.0000000000000000        0.0000000000000000     
   7.6400000000000070E-003   0.0000000000000000        0.0000000000000000     
   8.0600000000000064E-003   0.0000000000000000        0.0000000000000000     
   8.4800000000000066E-003   0.0000000000000000        0.0000000000000000     
   8.9000000000000069E-003   0.0000000000000000        0.0000000000000000     
   9.3200000000000071E-003   0.0000000000000000        0.0000000000000000     
   9.7400000000000073E-003   0.0000000000000000        0.0000000000000000     
   1.0160000000000008E-002   0.0000000000000000        0.0000000000000000     
   1.0580000000000008E-002   0.0000000000000000        0.0000000000000000     
   1.1000000000000008E-002   0.0000000000000000        0.0000000000000000     
   1.1420000000000008E-002   0.0000000000000000        0.0000000000000000     
   1.1840000000000009E-002   0.0000000000000000        0.0000000000000000     
   1.2260000000000009E-002   0.0000000000000000        0.0000000000000000     
   1.2680000000000009E-002   0.0000000000000000        0.0000000000000000     
   1.3100000000000009E-002   0.0000000000000000        0.0000000000000000     
   1.3520000000000009E-002   0.0000000000000000        0.0000000000000000     
   1.3940000000000010E-002   0.0000000000000000        0.0000000000000000     
   1.4360000000000010E-002   0.0000000000000000        0.0000000000000000     
   1.4780000000000010E-002   0.0000000000000000        0.0000000000000000     
   1.5200000000000010E-002   0.0000000000000000        0.0000000000000000     
   1.5620000000000011E-002   0.0000000000000000        0.0000000000000000     
   1.6040000000000009E-002   0.0000000000000000        0.0000000000000000     
   1.6460000000000009E-002   0.0000000000000000        0.0000000000000000     
   1.6880000000000010E-002   0.0000000000000000        0.0000000000000000     
   1.7300000000000010E-002   0.0000000000000000        0.0000000000000000     
   1.7720000000000010E-002   0.0000000000000000        0.0000000000000000     
   1.8140000000000010E-002   0.0000000000000000        0.0000000000000000     
   1.8560000000000011E-002   0.0000000000000000        0.0000000000000000     
   1.8980000000000011E-002   0.0000000000000000        0.0000000000000000     
   1.9400000000000011E-002   0.0000000000000000        0.0000000000000000     
   1.9820000000000011E-002   0.0000000000000000        0.0000000000000000     
   2.0240000000000011E-002   0.0000000000000000        0.0000000000000000     
   2.0660000000000012E-002   0.0000000000000000        0.0000000000000000     
   2.1080000000000012E-002   0.0000000000000000        0.0000000000000000     
   2.1500000000000012E-002   0.0000000000000000        0.0000000000000000     
   2.1920000000000012E-002   0.0000000000000000        0.0000000000000000     
   2.2340000000000013E-002   0.0000000000000000        0.0000000000000000     
   2.2760000000000013E-002   0.0000000000000000        0.0000000000000000     
   2.3180000000000013E-002   0.0000000000000000        0.0000000000000000     
   2.3600000000000013E-002   0.0000000000000000        0.0000000000000000     
   2.4020000000000014E-002   0.0000000000000000        0.0000000000000000     
   2.4440000000000014E-002   0.0000000000000000        0.0000000000000000     
   2.4860000000000014E-002   0.0000000000000000        0.0000000000000000     
   2.5280000000000014E-002   0.0000000000000000        0.0000000000000000     
   2.5700000000000014E-002   0.0000000000000000        0.0000000000000000     
   2.6120000000000015E-002   0.0000000000000000        0.0000000000000000     
   2.6540000000000015E-002   0.0000000000000000        0.0000000000000000     
   2.6960000000000015E-002   0.0000000000000000        0.0000000000000000     
   2.7380000000000015E-002   0.0000000000000000        0.0000000000000000     
   2.7800000000000016E-002   0.0000000000000000        0.0000000000000000     
   2.8220000000000016E-002   0.0000000000000000        0.0000000000000000     
   2.8640000000000016E-002   0.0000000000000000        0.0000000000000000     
   2.9060000000000016E-002   0.0000000000000000        0.0000000000000000     
   2.9480000000000017E-002   0.0000000000000000        0.0000000000000000     
   2.9900000000000017E-002   0.0000000000000000        0.0000000000000000     
   3.0320000000000017E-002   0.0000000000000000        0.0000000000000000     
   3.0740000000000017E-002   0.0000000000000000        0.0000000000000000     
   3.1160000000000018E-002   0.0000000000000000        0.0000000000000000     
   3.1580000000000018E-002   0.0000000000000000        0.0000000000000000     
   3.2000000000000015E-002   0.0000000000000000        0.0000000000000000     
   3.2420000000000011E-002   0.0000000000000000        0.0000000000000000     
   3.2840000000000008E-002   0.0000000000000000        0.0000000000000000     
   3.3260000000000005E-002   0.0000000000000000        0.0000000000000000     
   3.3680000000000002E-002   0.0000000000000000        0.0000000000000000     
   3.4099999999999998E-002   0.0000000000000000        0.0000000000000000     
   3.4519999999999995E-002   0.0000000000000000        0.0000000000000000     
   3.4939999999999992E-002   0.0000000000000000        0.0000000000000000     
   3.5359999999999989E-002   0.0000000000000000        0.0000000000000000     
   3.5779999999999985E-002   0.0000000000000000        0.0000000000000000     
   3.6199999999999982E-002   0.0000000000000000        0.0000000000000000     
   3.6619999999999979E-002   0.0000000000000000        0.0000000000000000     
   3.7039999999999976E-002   0.0000000000000000        0.0000000000000000     
   3.7459999999999972E-002   0.0000000000000000        0.0000000000000000     
   3.7879999999999969E-002   0.0000000000000000        0.0000000000000000     
   3.8299999999999966E-002   0.0000000000000000        0.0000000000000000     
   3.8719999999999963E-002   0.0000000000000000        0.0000000000000000     
   3.9139999999999960E-002   0.0000000000000000        0.0000000000000000     
   3.9559999999999956E-002   0.0000000000000000        0.0000000000000000     
   3.9979999999999953E-002   0.0000000000000000        0.0000000000000000     
   4.0399999999999950E-002   0.0000000000000000        0.0000000000000000     
   4.0819999999999947E-002   0.0000000000000000        0.0000000000000000     
   4.1239999999999943E-002   0.0000000000000000        0.0000000000000000     
   4.1659999999999940E-002   0.0000000000000000        0.0000000000000000     
   4.2079999999999937E-002   0.0000000000000000        0.0000000000000000     
   4.2499999999999934E-002   0.0000000000000000        0.0000000000000000     
   4.2919999999999930E-002   0.0000000000000000        0.0000000000000000     
   4.3339999999999927E-002   0.0000000000000000        0.0000000000000000     
   4.3759999999999924E-002   0.0000000000000000        0.0000000000000000     
   4.4179999999999921E-002   0.0000000000000000        0.0000000000000000     
   4.4599999999999917E-002   0.0000000000000000        0.0000000000000000     
   4.5019999999999914E-002   0.0000000000000000        0.0000000000000000     
   4.5439999999999911E-002   0.0000000000000000        0.0000000000000000     
   4.5859999999999908E-002   0.0000000000000000        0.0000000000000000     
   4.6279999999999905E-002   0.0000000000000000        0.0000000000000000     
   4.6699999999999901E-002   0.0000000000000000        0.0000000000000000     
   4.7119999999999898E-002   0.0000000000000000        0.0000000000000000     
   4.7539999999999895E-002   0.0000000000000000        0.0000000000000000     
   4.7959999999999892E-002   0.0000000000000000        0.0000000000000000     
   4.8379999999999888E-002   0.0000000000000000        0.0000000000000000     
   4.8799999999999885E-002   0.0000000000000000        0.0000000000000000     
   4.9219999999999882E-002   0.0000000000000000        0.0000000000000000     
   4.9639999999999879E-002   0.0000000000000000        0.0000000000000000     
   5.0059999999999875E-002   0.0000000000000000        0.0000000000000000     
   5.0479999999999872E-002   0.0000000000000000        0.0000000000000000     
   5.0899999999999869E-002   0.0000000000000000        0.0000000000000000     
   5.1319999999999866E-002   0.0000000000000000        0.0000000000000000     
   5.1739999999999862E-002   0.0000000000000000        0.0000000000000000     
   5.2159999999999859E-002   0.0000000000000000        0.0000000000000000     
   5.2579999999999856E-002   0.0000000000000000        0.0000000000000000     
   5.2999999999999853E-002   0.0000000000000000        0.0000000000000000     
   5.3419999999999850E-002   0.0000000000000000        0.0000000000000000     
   5.3839999999999846E-002   0.0000000000000000        0.0000000000000000     
   5.4259999999999843E-002   0.0000000000000000        0.0000000000000000     
   5.4679999999999840E-002   0.0000000000000000        0.0000000000000000     
   5.5099999999999837E-002   0.0000000000000000        0.0000000000000000     
   5.5519999999999833E-002   0.0000000000000000        0.0000000000000000     
   5.5939999999999830E-002   0.0000000000000000        0.0000000000000000     
   5.6359999999999827E-002   0.0000000000000000        0.0000000000000000     
   5.6779999999999824E-002   0.0000000000000000        0.0000000000000000     
   5.7199999999999820E-002   0.0000000000000000        0.0000000000000000     
   5.7619999999999817E-002   0.0000000000000000        0.0000000000000000     
   5.8039999999999814E-002   0.0000000000000000        0.0000000000000000     
   5.8459999999999811E-002   0.0000000000000000        0.0000000000000000     
   5.8879999999999807E-002   0.0000000000000000        0.0000000000000000     
   5.9299999999999804E-002   0.0000000000000000        0.0000000000000000     
   5.9719999999999801E-002   0.0000000000000000        0.0000000000000000     
   6.0139999999999798E-002   0.0000000000000000        0.0000000000000000     
   6.0559999999999795E-002   0.0000000000000000        0.0000000000000000     
   6.0979999999999791E-002   0.0000000000000000        0.0000000000000000     
   6.1399999999999788E-002   0.0000000000000000        0.0000000000000000     
   6.1819999999999785E-002   0.0000000000000000        0.0000000000000000     
   6.2239999999999782E-002   0.0000000000000000        0.0000000000000000     
   6.2659999999999785E-002   0.0000000000000000        0.0000000000000000     
   6.3079999999999789E-002   0.0000000000000000        0.0000000000000000     
   6.3499999999999793E-002   0.0000000000000000        0.0000000000000000     
   6.3919999999999796E-002   0.0000000000000000        0.0000000000000000     
   6.4339999999999800E-002   0.0000000000000000        0.0000000000000000     
   6.4759999999999804E-002   0.0000000000000000        0.0000000000000000     
   6.5179999999999808E-002   0.0000000000000000        0.0000000000000000     
   6.5599999999999811E-002   0.0000000000000000        0.0000000000000000     
   6.6019999999999815E-002   0.0000000000000000        0.0000000000000000     
   6.6439999999999819E-002   0.0000000000000000        0.0000000000000000     
   6.6859999999999822E-002   0.0000000000000000        0.0000000000000000     
   6.7279999999999826E-002   0.0000000000000000        0.0000000000000000     
   6.7699999999999830E-002   0.0000000000000000        0.0000000000000000     
   6.8119999999999833E-002   0.0000000000000000        0.0000000000000000     
   6.8539999999999837E-002   0.0000000000000000        0.0000000000000000     
   6.8959999999999841E-002   0.0000000000000000        0.0000000000000000     
   6.9379999999999845E-002   0.0000000000000000        0.0000000000000000     
   6.9799999999999848E-002   0.0000000000000000        0.0000000000000000     
   7.0219999999999852E-002   0.0000000000000000        0.0000000000000000     
   7.0639999999999856E-002   0.0000000000000000        0.0000000000000000     
   7.1059999999999859E-002   0.0000000000000000        0.0000000000000000     
   7.1479999999999863E-002   0.0000000000000000        0.0000000000000000     
   7.1899999999999867E-002   0.0000000000000000        0.0000000000000000     
   7.2319999999999870E-002   0.0000000000000000        0.0000000000000000     
   7.2739999999999874E-002   0.0000000000000000        0.0000000000000000     
   7.3159999999999878E-002   0.0000000000000000        0.0000000000000000     
   7.3579999999999882E-002   0.0000000000000000        0.0000000000000000     
   7.3999999999999885E-002   0.0000000000000000        0.0000000000000000     
   7.4419999999999889E-002   0.0000000000000000        0.0000000000000000     
   7.4839999999999893E-002   0.0000000000000000        0.0000000000000000     
   7.5259999999999896E-002   0.0000000000000000        0.0000000000000000     
   7.5679999999999900E-002   0.0000000000000000        0.0000000000000000     
   7.6099999999999904E-002   0.0000000000000000        0.0000000000000000     
   7.6519999999999908E-002   0.0000000000000000        0.0000000000000000     
   7.6939999999999911E-002   0.0000000000000000        0.0000000000000000     
   7.7359999999999915E-002   0.0000000000000000        0.0000000000000000     
   7.7779999999999919E-002   0.0000000000000000        0.0000000000000000     
   7.8199999999999922E-002   0.0000000000000000        0.0000000000000000     
   7.8619999999999926E-002   0.0000000000000000        0.0000000000000000     
   7.9039999999999930E-002   0.0000000000000000        0.0000000000000000     
   7.9459999999999933E-002   0.0000000000000000        0.0000000000000000     
   7.9879999999999937E-002   0.0000000000000000        0.0000000000000000     
   8.0299999999999941E-002   0.0000000000000000        0.0000000000000000     
   8.0719999999999945E-002   0.0000000000000000        0.0000000000000000     
   8.1139999999999948E-002   0.0000000000000000        0.0000000000000000     
   8.1559999999999952E-002   0.0000000000000000        0.0000000000000000     
   8.1979999999999956E-002   0.0000000000000000        0.0000000000000000     
   8.2399999999999959E-002   0.0000000000000000        0.0000000000000000     
   8.2819999999999963E-002   0.0000000000000000        0.0000000000000000     
   8.3239999999999967E-002   0.0000000000000000        0.0000000000000000     
   8.3659999999999970E-002   0.0000000000000000        0.0000000000000000     
   8.4079999999999974E-002   0.0000000000000000        0.0000000000000000     
   8.4499999999999978E-002   0.0000000000000000        0.0000000000000000     
   8.4919999999999982E-002   0.0000000000000000        0.0000000000000000     
   8.5339999999999985E-002   0.0000000000000000        0.0000000000000000     
   8.5759999999999989E-002   0.0000000000000000        0.0000000000000000     
   8.6179999999999993E-002   0.0000000000000000        0.0000000000000000     
   8.6599999999999996E-002   0.0000000000000000        0.0000000000000000     
   8.7020000000000000E-002   0.0000000000000000        0.0000000000000000     
   8.7440000000000004E-002   0.0000000000000000        0.0000000000000000     
   8.7860000000000008E-002   0.0000000000000000        0.0000000000000000     
   8.8280000000000011E-002   0.0000000000000000        0.0000000000000000     
   8.8700000000000015E-002   0.0000000000000000        0.0000000000000000     
   8.9120000000000019E-002   0.0000000000000000        0.0000000000000000     
   8.9540000000000022E-002   0.0000000000000000        0.0000000000000000     
   8.9960000000000026E-002   0.0000000000000000        0.0000000000000000     
   9.0380000000000030E-002   0.0000000000000000        0.0000000000000000     
   9.0800000000000033E-002   0.0000000000000000        0.0000000000000000     
   9.1220000000000037E-002   0.0000000000000000        0.0000000000000000     
   9.1640000000000041E-002   0.0000000000000000        0.0000000000000000     
   9.2060000000000045E-002   0.0000000000000000        0.0000000000000000     
   9.2480000000000048E-002   0.0000000000000000        0.0000000000000000     
   9.2900000000000052E-002   0.0000000000000000        0.0000000000000000     
   9.3320000000000056E-002   0.0000000000000000        0.0000000000000000     
   9.3740000000000059E-002   0.0000000000000000        0.0000000000000000     
   9.4160000000000063E-002   0.0000000000000000        0.0000000000000000     
   9.4580000000000067E-002   0.0000000000000000        0.0000000000000000     
   9.5000000000000070E-002   0.0000000000000000        0.0000000000000000     
   9.5420000000000074E-002   0.0000000000000000        0.0000000000000000     
   9.5840000000000078E-002   0.0000000000000000        0.0000000000000000     
   9.6260000000000082E-002   0.0000000000000000        0.0000000000000000     
   9.6680000000000085E-002   0.0000000000000000        0.0000000000000000     
   9.7100000000000089E-002   0.0000000000000000        0.0000000000000000     
   9.7520000000000093E-002   0.0000000000000000        0.0000000000000000     
   9.7940000000000096E-002   0.0000000000000000        0.0000000000000000     
   9.8360000000000100E-002   0.0000000000000000        0.0000000000000000     
   9.8780000000000104E-002   0.0000000000000000        0.0000000000000000     
   9.9200000000000108E-002   0.0000000000000000        0.0000000000000000     
   9.9620000000000111E-002   0.0000000000000000        0.0000000000000000     
  0.10004000000000011        0.0000000000000000        0.0000000000000000     
  0.10046000000000012        0.0000000000000000        0.0000000000000000     
  0.10088000000000012        0.0000000000000000        0.0000000000000000     
  0.10130000000000013        0.0000000000000000        0.0000000000000000     
  0.10172000000000013        0.0000000000000000        0.0000000000000000     
  0.10214000000000013        0.0000000000000000        0.0000000000000000     
  0.10256000000000014        0.0000000000000000        0.0000000000000000     
  0.10298000000000014        0.0000000000000000        0.0000000000000000     
  0.10340000000000014        0.0000000000000000        0.0000000000000000     
  0.10382000000000015        0.0000000000000000        0.0000000000000000     
  0.10424000000000015        0.0000000000000000        0.0000000000000000     
  0.10466000000000016        0.0000000000000000        0.0000000000000000     
  0.10508000000000016        0.0000000000000000        0.0000000000000000     
  0.10550000000000016        0.0000000000000000        0.0000000000000000     
  0.10592000000000017        0.0000000000000000        0.0000000000000000     
  0.10634000000000017        0.0000000000000000        0.0000000000000000     
  0.10676000000000017        0.0000000000000000        0.0000000000000000     
  0.10718000000000018        0.0000000000000000        0.0000000000000000     
  0.10760000000000018        0.0000000000000000        0.0000000000000000     
  0.10802000000000019        0.0000000000000000        0.0000000000000000     
  0.10844000000000019        0.0000000000000000        0.0000000000000000     
  0.10886000000000019        0.0000000000000000        0.0000000000000000     
  0.10928000000000020        0.0000000000000000        0.0000000000000000     
  0.10970000000000020        0.0000000000000000        0.0000000000000000     
  0.11012000000000020        0.0000000000000000        0.0000000000000000     
  0.11054000000000021        0.0000000000000000        0.0000000000000000     
  0.11096000000000021        0.0000000000000000        0.0000000000000000     
  0.11138000000000021        0.0000000000000000        0.0000000000000000     
  0.11180000000000022        0.0000000000000000        0.0000000000000000     
  0.11222000000000022        0.0000000000000000        0.0000000000000000     
  0.11264000000000023        0.0000000000000000        0.0000000000000000     
  0.11306000000000023        0.0000000000000000        0.0000000000000000     
  0.11348000000000023        0.0000000000000000        0.0000000000000000     
  0.11390000000000024        0.0000000000000000        0.0000000000000000     
  0.11432000000000024        0.0000000000000000        0.0000000000000000     
  0.11474000000000024        0.0000000000000000        0.0000000000000000     
  0.11516000000000025        0.0000000000000000        0.0000000000000000     
  0.11558000000000025        0.0000000000000000        0.0000000000000000     
