  -1.0000000000000000        722.68476943443306        524.65707198629718     
 -0.99333333333333329        198.81302404856675        54.259183466983600     
 -0.98666666666666658        238.98671225861327        52.027048466810832     
 -0.97999999999999987        326.65656604353410        86.387159161461369     
 -0.97333333333333316        140.69711008967599        42.207300351739946     
 -0.96666666666666645        305.33271091869534        74.241451423384476     
 -0.95999999999999974        273.55700843861223        69.853726182445499     
 -0.95333333333333303        155.37553668283027        48.942946299612217     
 -0.94666666666666632        255.49604912356182        56.795492893406731     
 -0.93999999999999961        337.04078773384134        96.963093194323960     
 -0.93333333333333290        212.42737956201353        63.002736632549109     
 -0.92666666666666619        225.02465008270929        63.432952778456077     
 -0.91999999999999948        194.62880215507960        54.253277487837941     
 -0.91333333333333278        264.54943845489521        66.801581637264349     
 -0.90666666666666607        307.97896350007636        84.629530344739763     
 -0.89999999999999936        139.15914028815524        45.584784994608654     
 -0.89333333333333265        168.71204081710349        50.679579561463306     
 -0.88666666666666594        270.71094547177495        80.654408037155889     
 -0.87999999999999923        144.12202089952370        45.777312176941741     
 -0.87333333333333252        1219.9425793733328        898.58756097285379     
 -0.86666666666666581        272.46093206349246        77.583970120613799     
 -0.85999999999999910        177.80891506645432        52.958442928952834     
 -0.85333333333333239        283.76432928222681        104.27786019876227     
 -0.84666666666666568        246.77503959347490        72.408259345744582     
 -0.83999999999999897        170.12359261947140        85.583000831699394     
 -0.83333333333333226        329.68982675985455        86.025746920428375     
 -0.82666666666666555        247.30221671914728        62.582781763154024     
 -0.81999999999999884        268.42934349851492        73.531968140443837     
 -0.81333333333333213        318.95203933343197        116.43850892832049     
 -0.80666666666666542        280.19225864198478        79.028581826660357     
 -0.79999999999999871        285.70424216086059        73.494455416973324     
 -0.79333333333333200        386.90327907631013        109.67023329113859     
 -0.78666666666666529        265.56913648968037        94.268832974212785     
 -0.77999999999999858        208.59522512327354        55.473293297149425     
 -0.77333333333333187        227.18357360962017        71.605311341091280     
 -0.76666666666666516        205.19225383728670        68.062286517866085     
 -0.75999999999999845        336.68229068044070        80.889149325605359     
 -0.75333333333333174        328.65870504982593        88.538452201398655     
 -0.74666666666666504        163.31306001915337        39.511578496878187     
 -0.73999999999999833        208.70336233788069        49.439975211247152     
 -0.73333333333333162        196.40113077394366        54.419108724396942     
 -0.72666666666666491        220.65785762466220        112.73414521458616     
 -0.71999999999999820        178.59663221171681        50.138274331093754     
 -0.71333333333333149        394.65214848284194        112.02890278162847     
 -0.70666666666666478        357.24713895716116        129.56557673062494     
 -0.69999999999999807        159.18999843783459        48.671712121253705     
 -0.69333333333333136        187.54159096703211        56.875373707311560     
 -0.68666666666666465        329.48407325298791        163.13555022461739     
 -0.67999999999999794        209.09573361833566        74.791154857274094     
 -0.67333333333333123        167.82448293074910        50.171369775230360     
 -0.66666666666666452        992.56518475304927        633.94761157762582     
 -0.65999999999999781        150.19035237190565        53.673191974315060     
 -0.65333333333333110        204.97023968276807        66.734167016200004     
 -0.64666666666666439        490.37170015986266        338.39164313444400     
 -0.63999999999999768        209.38271225252686        65.262341002677758     
 -0.63333333333333097        275.34494836952592        83.032011446675071     
 -0.62666666666666426        119.03650653037349        32.013586378644611     
 -0.61999999999999755        297.83748315220561        73.778774782473562     
 -0.61333333333333084        345.92954270392551        98.498961714126878     
 -0.60666666666666413        189.66273072122661        70.856825857667602     
 -0.59999999999999742        375.12519290332079        87.916076637734264     
 -0.59333333333333071        426.51634040065181        107.20877371740744     
 -0.58666666666666401        491.65957006900317        150.85776527600200     
 -0.57999999999999730        265.14434886257322        68.763040747306349     
 -0.57333333333333059        283.91173062880023        68.839123815200637     
 -0.56666666666666388        191.05119945429644        60.251502265496057     
 -0.55999999999999717        259.63380575363050        82.791202671886523     
 -0.55333333333333046        606.79955934008558        418.65048482285846     
 -0.54666666666666375        140.75261980891341        39.783087907696114     
 -0.53999999999999704        302.27098648862506        93.787179235176254     
 -0.53333333333333033        368.02557531670396        96.532871907383750     
 -0.52666666666666362        220.01078804534237        71.739871242530015     
 -0.51999999999999691        384.59781359374216        163.49560267220002     
 -0.51333333333333020        201.13335598472730        67.617297500257990     
 -0.50666666666666349        169.39604907857751        60.232565696458245     
 -0.49999999999999684        220.03373383099770        73.153813610395645     
 -0.49333333333333018        152.12836822306210        63.413671702514918     
 -0.48666666666666353        206.59371732961904        64.535708035505991     
 -0.47999999999999687        190.32859747170292        63.179842140929971     
 -0.47333333333333022        403.09887227700449        109.30505456249098     
 -0.46666666666666357        131.60224471419787        44.614362529068430     
 -0.45999999999999691        219.91674371656777        77.110880200997101     
 -0.45333333333333026        453.03742906096619        123.33319840385448     
 -0.44666666666666360        182.91041988304474        69.753804203832971     
 -0.43999999999999695        287.22591171311342        112.65942273822974     
 -0.43333333333333030        309.25667801697864        114.10697109883652     
 -0.42666666666666364        225.44465152787899        76.130056881722652     
 -0.41999999999999699        224.02495027413445        72.180754357837813     
 -0.41333333333333033        447.00213571270689        126.00018577798946     
 -0.40666666666666368        201.12350012610943        49.988312217456347     
 -0.39999999999999702        146.52608628224934        66.560048896252368     
 -0.39333333333333037        160.53485740393359        54.768191043624896     
 -0.38666666666666372        137.35227745482078        45.320978250213678     
 -0.37999999999999706        357.26093082580610        100.33572943542787     
 -0.37333333333333041        344.51007693055294        107.23909746703015     
 -0.36666666666666375        343.31946330667176        112.57124742589637     
 -0.35999999999999710        498.82731365466702        174.72028370488482     
 -0.35333333333333045        132.84806130332740        53.387103716547905     
 -0.34666666666666379        220.05220829324725        106.33044501932221     
 -0.33999999999999714        211.35828982272221        69.457373545616051     
 -0.33333333333333048        129.11617902819364        51.711589371182455     
 -0.32666666666666383        522.78449117493983        181.61506355354288     
 -0.31999999999999718        174.42619419512607        59.302550909124598     
 -0.31333333333333052        470.90902581753232        173.23472072952737     
 -0.30666666666666387        226.96286171093283        110.36612121134965     
 -0.29999999999999721        359.61183548376863        114.21016893321087     
 -0.29333333333333056        301.85691291040871        112.12399276635770     
 -0.28666666666666391        143.89815712913946        42.306849004573117     
 -0.27999999999999725        225.25482714759931        75.400456163420458     
 -0.27333333333333060        209.50095820989387        66.002655001550792     
 -0.26666666666666394        290.24207304064021        82.137276471607123     
 -0.25999999999999729        140.02224555577800        49.472381032530649     
 -0.25333333333333063        229.29147332276580        86.245982716138215     
 -0.24666666666666398        210.06654453921502        70.678800953854335     
 -0.23999999999999733        330.24366664514582        105.62915987202807     
 -0.23333333333333067        249.98189366741255        71.737613159962308     
 -0.22666666666666402        288.44868245246118        97.038267230847055     
 -0.21999999999999736        263.59818072245275        83.578661422887038     
 -0.21333333333333071        112.24877129974405        47.782403715065868     
 -0.20666666666666406        300.91620848440414        99.398816081003133     
 -0.19999999999999740        154.96539225995670        42.097880459417397     
 -0.19333333333333075        190.31284969590038        77.524393856392294     
 -0.18666666666666409        173.13580431036576        53.129947961901472     
 -0.17999999999999744        156.98346480231484        62.400406620641213     
 -0.17333333333333079        207.28657122035926        87.280649140917546     
 -0.16666666666666413        151.37108210301352        52.496507725068248     
 -0.15999999999999748        436.99602848109657        231.47568149572541     
 -0.15333333333333082        320.69802143222250        97.543600563366795     
 -0.14666666666666417        374.91656299541927        118.27223341420810     
 -0.13999999999999752        220.82330558593114        68.997294228923678     
 -0.13333333333333086        243.89538725541391        87.774588473012003     
 -0.12666666666666421        204.07906062516713        77.240040175301175     
 -0.11999999999999754        133.31116344969647        45.858031268444869     
 -0.11333333333333087        373.73128630554106        126.36402550313750     
 -0.10666666666666420        255.43850352295303        76.612064542924088     
  -9.9999999999997535E-002   152.66337409762090        57.508288839581340     
  -9.3333333333330867E-002   170.46768511037385        58.207421845943792     
  -8.6666666666664199E-002   212.33319954742495        68.463039526232180     
  -7.9999999999997531E-002   132.38317919978826        52.779720486326589     
  -7.3333333333330863E-002   69.076878743508928        29.021686228160366     
  -6.6666666666664195E-002   195.48011979006981        63.620670963259414     
  -5.9999999999997528E-002   305.94572891761499        92.970386542861149     
  -5.3333333333330860E-002   159.24388500718118        61.759642917099193     
  -4.6666666666664192E-002   173.32205610533589        67.967527320424935     
  -3.9999999999997524E-002   547.77998076230381        293.08297093384567     
  -3.3333333333330856E-002   372.18704258443574        129.85533447201439     
  -2.6666666666664188E-002   476.23957057569032        143.93933299616143     
  -1.9999999999997520E-002   436.77090561410216        132.36139852214762     
  -1.3333333333330852E-002   91.159574897505877        42.951848127494209     
  -6.6666666666641847E-003   178.36922331337823        58.965898850359743     
   2.4823892941228110E-015   264.61449181049034        72.259661078771657     
   6.6666666666691495E-003   168.33581972708151        61.048802760418582     
   1.3333333333335817E-002   317.03739586605309        93.246256954461842     
   2.0000000000002485E-002   209.89056521719016        83.723989367456184     
   2.6666666666669153E-002   238.71059101882679        92.685814293944986     
   3.3333333333335817E-002   244.49182218410070        86.992480369654515     
   4.0000000000002485E-002   378.39097952259237        216.86865470602487     
   4.6666666666669153E-002   159.90948360330040        63.513827293179489     
   5.3333333333335821E-002   195.92300845715792        65.949049873409891     
   6.0000000000002489E-002   327.32321148725919        104.92904915939667     
   6.6666666666669150E-002   123.34979224116697        45.130178612108153     
   7.3333333333335818E-002   970.01019641605762        630.23549655319698     
   8.0000000000002486E-002   592.46499550394140        242.35565724847672     
   8.6666666666669154E-002   339.54255246740132        102.13018653310395     
   9.3333333333335822E-002   321.41748689501395        100.24061871751290     
  0.10000000000000249        250.90390527722343        91.219914388434631     
  0.10666666666666916        338.73154422488881        95.992066447114695     
  0.11333333333333583        273.29411803146746        98.784805217077789     
  0.12000000000000249        220.61100751812322        78.993218047275136     
  0.12666666666666915        153.45809346243490        70.676622944077096     
  0.13333333333333580        41.817817365550795        14.017698489114990     
  0.14000000000000246        261.49394486482493        89.307602308381121     
  0.14666666666666911        195.06084806081540        61.311175689525946     
  0.15333333333333576        150.57487877382175        67.209232866125546     
  0.16000000000000242        301.45969642504315        100.73146591481120     
  0.16666666666666907        192.75908288245461        66.376481748203943     
  0.17333333333333573        177.92173632213925        68.991239117851507     
  0.18000000000000238        221.17883416920563        68.475358053500827     
  0.18666666666666903        204.00799495002803        65.095358876639381     
  0.19333333333333569        306.51752783021618        94.550541986604742     
  0.20000000000000234        303.59753077816555        92.963671852379065     
  0.20666666666666900        156.80944123335399        57.536839578566045     
  0.21333333333333565        144.06468524865193        48.496529969967419     
  0.22000000000000230        218.77347803798202        82.930947966508270     
  0.22666666666666896        234.66804758716682        80.591417006663889     
  0.23333333333333561        179.11598095100874        71.803669455207810     
  0.24000000000000227        220.17638556731870        87.460584462505352     
  0.24666666666666892        245.77168476648507        81.256489202140770     
  0.25333333333333558        256.44201220541157        89.526922412500852     
  0.26000000000000223        477.73003352274219        171.47905495170372     
  0.26666666666666888        208.29383420425614        83.456625794682083     
  0.27333333333333554        177.57766003713792        55.627941240122986     
  0.28000000000000219        299.88000470558160        122.64564297928209     
  0.28666666666666885        162.99374083290195        53.177212867687565     
  0.29333333333333550        289.84552093255212        78.868570278785711     
  0.30000000000000215        321.26135848621033        122.77248060436482     
  0.30666666666666881        199.20490779523712        60.968994578302613     
  0.31333333333333546        133.12833273230228        53.271243860102679     
  0.32000000000000212        261.15300322045033        82.065717945066638     
  0.32666666666666877        444.93765990192202        236.55831784219652     
  0.33333333333333542        184.09998383651291        79.972862042967392     
  0.34000000000000208        206.30809741493235        75.122760708442826     
  0.34666666666666873        286.16972669050227        80.034763891928904     
  0.35333333333333539        424.84505971104454        123.93530342025785     
  0.36000000000000204        168.85586218036420        62.051175677616449     
  0.36666666666666869        234.89283585667405        101.10023694078895     
  0.37333333333333535        232.22387962309978        67.878582099878173     
  0.38000000000000200        270.96276008478793        89.433037037431873     
  0.38666666666666866        396.02622830578298        112.73665541323729     
  0.39333333333333531        233.51945939510628        73.671774081545550     
  0.40000000000000197        252.74806560598000        109.15730682588854     
  0.40666666666666862        252.15965983867454        84.184755594192623     
  0.41333333333333527        246.56727636859779        66.751623084831394     
  0.42000000000000193        321.52604893099408        100.87797913549828     
  0.42666666666666858        259.02396673442502        72.139889755872559     
  0.43333333333333524        210.87518489222927        61.522944523619557     
  0.44000000000000189        312.26010684480167        90.840257326624396     
  0.44666666666666854        371.02702354525161        99.758937635179336     
  0.45333333333333520        287.09190557044519        90.903203738941514     
  0.46000000000000185        403.22528170350444        182.42309706360555     
  0.46666666666666851        217.22372715240917        62.488511619570126     
  0.47333333333333516        223.22168869904999        64.436722859907121     
  0.48000000000000181        245.68867172644622        69.173653896426273     
  0.48666666666666847        710.57723704971431        565.64721371691223     
  0.49333333333333512        347.51616029979368        96.395712741655103     
  0.50000000000000178        598.15510274822634        462.68963218200469     
  0.50666666666666849        211.82312661124720        58.208182726181796     
  0.51333333333333520        276.57182783796594        78.644881472397685     
  0.52000000000000191        255.95303354278406        87.488212787467901     
  0.52666666666666861        220.32068726351764        74.096478692537261     
  0.53333333333333532        244.17858726834876        87.196864029975401     
  0.54000000000000203        148.34703973155661        57.692424500070693     
  0.54666666666666874        564.39411726752314        222.75427161445154     
  0.55333333333333545        177.36538010000004        57.061168518518230     
  0.56000000000000216        274.12290416688694        107.87599838788324     
  0.56666666666666887        282.31153805886220        95.063569816680385     
  0.57333333333333558        280.79164655091455        80.232066780844903     
  0.58000000000000229        277.33521570078597        83.283556789574959     
  0.58666666666666900        249.50229184693725        69.060141890929160     
  0.59333333333333571        510.98771473159547        191.26802302490242     
  0.60000000000000242        262.98492255803512        69.724779752244388     
  0.60666666666666913        173.52337936096799        51.092641289856417     
  0.61333333333333584        197.34280350610712        63.519167541112552     
  0.62000000000000255        211.35594481090561        61.840812041274525     
  0.62666666666666926        227.73888601768104        54.144237401566869     
  0.63333333333333597        188.51272337998094        48.495673474290648     
  0.64000000000000268        487.60633131879894        283.71589751863047     
  0.64666666666666939        322.87706637539179        128.49475233783082     
  0.65333333333333610        183.35330125444511        67.734050337261905     
  0.66000000000000281        330.03634725029036        90.084676874432219     
  0.66666666666666952        255.88146290828519        61.686689787011808     
  0.67333333333333623        218.56706252555657        69.566608872606110     
  0.68000000000000294        350.98342333368151        88.213691081184578     
  0.68666666666666965        135.44297083291582        46.635458486871414     
  0.69333333333333635        278.21539639380688        71.554481010751630     
  0.70000000000000306        281.01671032142031        112.35213501834640     
  0.70666666666666977        217.96912494696880        62.643478648887879     
  0.71333333333333648        330.54075621678925        151.24528942400605     
  0.72000000000000319        235.39888272330137        63.954268268272294     
  0.72666666666666990        591.63540229482248        220.62286373803678     
  0.73333333333333661        389.70976394073364        88.086031335387162     
  0.74000000000000332        209.80919559357397        65.637876234502357     
  0.74666666666667003        296.09794765395196        77.539222678680346     
  0.75333333333333674        270.45010050640428        72.408419290765167     
  0.76000000000000345        261.90757037601168        70.925243924102119     
  0.76666666666667016        333.71173130552665        89.366435284927377     
  0.77333333333333687        518.00938845463679        216.72868321053090     
  0.78000000000000358        159.08556301974801        45.939909233632207     
  0.78666666666667029        293.16748912226603        73.043439317622358     
  0.79333333333333700        315.18843064574935        87.673134273204894     
  0.80000000000000371        228.52587530991696        61.805429336344815     
  0.80666666666667042        218.79163668406633        52.165212374983341     
  0.81333333333333713        499.17058881429057        106.32188528328919     
  0.82000000000000384        196.38947523634323        62.865371574899207     
  0.82666666666667055        274.02765960053898        77.866947621281085     
  0.83333333333333726        219.95972336135227        56.779936606327581     
  0.84000000000000397        193.11651352288564        53.911940514733828     
  0.84666666666667068        385.30856106975784        130.18648670143332     
  0.85333333333333738        200.40639197167695        53.741864250040614     
  0.86000000000000409        282.75602445164964        65.547600036932351     
  0.86666666666667080        470.66141484915022        248.18647401503296     
  0.87333333333333751        317.03463964540299        92.545442448976601     
  0.88000000000000422        229.88970482436932        62.773440667960038     
  0.88666666666667093        236.17416020517166        74.737220257200988     
  0.89333333333333764        160.59134382748982        54.578624859074957     
  0.90000000000000435        240.63618245732323        71.579496144802164     
  0.90666666666667106        211.26155051673709        58.794285109846264     
  0.91333333333333777        165.97819748369568        53.385373513848357     
  0.92000000000000448        260.20003531502027        64.505929877954998     
  0.92666666666667119        256.15224593355060        65.884152454684170     
  0.93333333333333790        265.09178960502453        72.684787662680804     
  0.94000000000000461        237.86976473117056        53.560773063415510     
  0.94666666666667132        240.40234295227978        64.073157628908845     
  0.95333333333333803        492.62746813709515        140.29834748158444     
  0.96000000000000474        240.35484190106453        58.760918252266769     
  0.96666666666667145        335.14111554581251        74.465044685552400     
  0.97333333333333816        167.95597617543169        42.208197137233206     
  0.98000000000000487        233.74034071154341        59.344136533855909     
  0.98666666666667158        260.24472702065731        64.446174787970236     
  0.99333333333333829        200.73153360837014        61.538018011959188     
