 -0.10000000000000001        27.505422970690802        2.4864160533544042     
  0.50066666666666670        45.442077240033399        3.7327975408060632     
   1.1013333333333333        37.429458955829652        3.5122556881483074     
   1.7020000000000000        24.553806134524198        2.8537076307415505     
   2.3026666666666666        19.271459360371196        2.4938796402193693     
   2.9033333333333333        17.814729738240541        2.6112879148561108     
   3.5040000000000000        13.953559605697466        6.8933242097729899     
   4.1046666666666667        9.1098953607915707        1.7154619765960557     
   4.7053333333333338        7.7127877833326783        1.4535907740786576     
   5.3060000000000009        9.0754509152903555        1.7688915906631044     
   5.9066666666666681        6.1651954032590233        1.3235567932708556     
   6.5073333333333352        6.7893785173439456        1.3463949164879354     
   7.1080000000000023        6.3609005025421528        1.5994713915694949     
   7.7086666666666694        4.8019096751369492        1.1914191463515285     
   8.3093333333333366        4.4163366721029869        1.0139310920136944     
   8.9100000000000037        4.2044150103078239        1.2346916201818148     
   9.5106666666666708        4.2140083970235800        1.0246593440545506     
   10.111333333333338        3.8596358138107565        1.0054259901710632     
   10.712000000000005        5.2618188735302933        2.4878997122023772     
   11.312666666666672        3.8313436076061622        1.2782724221822979     
   11.913333333333339        2.1520179959759322       0.58998804097578605     
   12.514000000000006        1.8340542103511104       0.53930935713594141     
   13.114666666666674        2.6166402553822570       0.91589061296659369     
   13.715333333333341        2.1686854531351347        1.1016054757908569     
   14.316000000000008        4.2748390859074075        1.2884938359672986     
   14.916666666666675        3.2706781500513777        1.0727651494753110     
   15.517333333333342        2.2609148539150139       0.76074913495022889     
   16.118000000000009        4.9241769348397675        2.5220320330609645     
   16.718666666666675        6.0272535706412569        2.6477458569843333     
   17.319333333333340        1.0961757108178130       0.33509496231178176     
   17.920000000000005        2.1779982490009293       0.69104512587621680     
   18.520666666666671        1.9370267120126374       0.64782661470855663     
   19.121333333333336        5.7098527429467287        3.8259600622790861     
   19.722000000000001        1.4459587630684811       0.47901027127782525     
   20.322666666666667        4.0713106759674860        2.4320663046641746     
   20.923333333333332        1.8407752160327397       0.60417554083075775     
   21.523999999999997        1.9237648366780860       0.62614462012005145     
   22.124666666666663        5.5213938928874429        3.1633016999030277     
   22.725333333333328        3.9191756634759862        1.0412000221018174     
   23.325999999999993        1.7035360123257539       0.45101928569956384     
   23.926666666666659        2.1512634119216236       0.63036998831230062     
   24.527333333333324        3.0521380917330125        1.2088467370052633     
   25.127999999999989        1.9092101681961968       0.69800135993762691     
   25.728666666666655        1.2179297813507106       0.35460813972606170     
   26.329333333333320       0.57487263668154165       0.21978943592385641     
   26.929999999999986        1.5766134795805131       0.56528967712163514     
   27.530666666666651        6.7146460423996466        5.2301332473710982     
   28.131333333333316        2.9019699779733723        1.8191060773797370     
   28.731999999999982        7.6201794236207370        6.5659502064850548     
   29.332666666666647        1.0241057572268399       0.26810544250998114     
   29.933333333333312        1.8043732257625096       0.67995119912953350     
   30.533999999999978        1.4060822512886466       0.47830199589431321     
   31.134666666666643        1.4233930212799253       0.47625966175517531     
   31.735333333333308        1.5955244229158041       0.68408349774407684     
   32.335999999999977       0.94156922740040450       0.34547667626914708     
   32.936666666666646        1.2820930719069892       0.40637353126956438     
   33.537333333333315        1.0247093645056236       0.28765474227066418     
   34.137999999999984       0.86075723472549337       0.24905008378884244     
   34.738666666666653        1.4964618189481005       0.48358456850698733     
   35.339333333333322        1.5544325480206682       0.52095307515781819     
   35.939999999999991       0.51679073268441578       0.22425096709644665     
   36.540666666666660       0.79922352986462630       0.26306487196884215     
   37.141333333333328       0.84095148534498676       0.27547068268325559     
   37.741999999999997        2.2451338537402514        1.0743723151784230     
   38.342666666666666        1.1797688471338126       0.35238013853335737     
   38.943333333333335       0.92390310375063855       0.32361587083296323     
   39.544000000000004        1.4825777189794604       0.40367463340138110     
   40.144666666666673       0.64784119484731373       0.22783067838308355     
   40.745333333333342        2.0041916330983858       0.87395509370641311     
   41.346000000000011       0.79520662111421248       0.25631928083300437     
   41.946666666666680        1.3025291045196041       0.52624239222228231     
   42.547333333333349        1.0555740391596999       0.52322825302008558     
   43.148000000000017       0.67547887399458595       0.19854835244818825     
   43.748666666666686        3.0503312576483474        1.6731092828313667     
   44.349333333333355        1.0014700482908894       0.38209742300234334     
   44.950000000000024        1.4365018387717365       0.68875310543216228     
   45.550666666666693        1.0267341903198743       0.29441237917137308     
   46.151333333333362        1.1720463427359387       0.34827728484494841     
   46.752000000000031        1.5489913279358394       0.40576860705944107     
   47.352666666666700       0.75733789858891154       0.21036651282306984     
   47.953333333333369       0.54235215853518748       0.23742273704682085     
   48.554000000000038        2.3536887651558387        1.3117367970946472     
   49.154666666666706        1.4095305359429988       0.90602353577283057     
   49.755333333333375       0.78568499251697654       0.22264226093409506     
   50.356000000000044       0.89552470639272752       0.24545526896351191     
   50.956666666666713       0.79862581531465215       0.23923031666570937     
   51.557333333333382       0.70889981557401172       0.23211717364329723     
   52.158000000000051       0.81093016364409631       0.19739694111248920     
   52.758666666666720        1.1440888264150983       0.37559159146778198     
   53.359333333333389        2.0636510777358774        1.0703856322717396     
   53.960000000000058        1.4790556812346216        1.0655293227274072     
   54.560666666666727        1.1908622433387228       0.36583353810986730     
   55.161333333333396        1.3364093096660432       0.30850683379615418     
   55.762000000000064       0.42550456363965239       0.11772655917270283     
   56.362666666666733       0.84326772499841995       0.32569607331969214     
   56.963333333333402       0.40341983235445589       0.13191587567917998     
   57.564000000000071        2.0784126071966544        1.6474407148642873     
   58.164666666666740       0.61009198855479319       0.20893871366500152     
   58.765333333333409       0.75398302775212378       0.24130758548570438     
   59.366000000000078       0.77691950820091105       0.25369958739902215     
   59.966666666666747       0.62708576060711996       0.19832594975609219     
   60.567333333333416       0.93347492745238714       0.28362948110093922     
   61.168000000000085        2.2211087026730967        1.7488663356917209     
   61.768666666666753       0.52312230181755415       0.20655007603987643     
   62.369333333333422       0.56787878391410096       0.15924440449942209     
   62.970000000000091       0.54543077259802564       0.16467463316465761     
   63.570666666666760       0.65231787606777836       0.19783066079149772     
   64.171333333333422       0.84498203902648106       0.19821348507968081     
   64.772000000000091       0.89408936887250046       0.27085722622208858     
   65.372666666666760       0.43238888813548026       0.15023086755410389     
   65.973333333333429        1.7064458934417182       0.98936989102466921     
   66.574000000000098       0.74319518956069719       0.24907574006441552     
   67.174666666666766        1.0508209954026839       0.23514069926757822     
   67.775333333333435       0.41284509582383516       0.12702358491831608     
   68.376000000000104       0.76038527624905727       0.21374659545980201     
   68.976666666666773       0.66929645855822295       0.19768570961693582     
   69.577333333333442       0.70132593112738295       0.18074193138314668     
   70.178000000000111        1.2102521531201298       0.46517957548408545     
   70.778666666666780       0.67424362887242473       0.16049722793370044     
   71.379333333333449       0.53740992982972569       0.18662377932707869     
   71.980000000000118        1.8329081210391434       0.76293078722336249     
   72.580666666666787       0.77002358192841469       0.19265152639075125     
   73.181333333333455       0.72549869585145788       0.24654376039759202     
   73.782000000000124       0.80108474902396043       0.23266638609773665     
   74.382666666666793       0.69441178131500469       0.19744678822202535     
   74.983333333333462        1.1706012868502305       0.59234749798451969     
   75.584000000000131       0.97195484758880979       0.43794908823804513     
   76.184666666666800       0.68545308864410248       0.20289316581258646     
   76.785333333333469       0.47304567430061562       0.14088564144231952     
   77.386000000000138       0.47348065592862637       0.14027343747041021     
   77.986666666666807       0.82862282559142741       0.37936997194815186     
   78.587333333333476       0.58207204114265199       0.17350566447303106     
   79.188000000000144       0.63049916003848827       0.17464939971504387     
   79.788666666666813       0.68769942740345535       0.21700964018378532     
   80.389333333333482       0.85621505985370161       0.26862596525489663     
   80.990000000000151       0.90580452868884198       0.42995977842339966     
   81.590666666666820       0.68958978432431872       0.17764797211431474     
   82.191333333333489       0.69727775760684874       0.19576907633848306     
   82.792000000000158        1.0403001154276064       0.60258246910699109     
   83.392666666666827        1.9820117442526981       0.69941106221870164     
   83.993333333333496       0.51711620681861059       0.14758245021480243     
   84.594000000000165       0.30669458132613581        9.0989878939269436E-002
   85.194666666666834       0.72611896621411931       0.33178654595760360     
   85.795333333333502       0.29785369083532781        8.1014707471652889E-002
   86.396000000000171       0.79570290340833738       0.38453900655351964     
   86.996666666666840       0.66869513136889613       0.31868969098748007     
   87.597333333333509        1.9029326048046811        1.2181536499890506     
   88.198000000000178        1.7521102861547815        1.0745656464719440     
   88.798666666666847       0.42275990354239451       0.12075275949524424     
   89.399333333333516       0.37964013593780321        9.9054956366998889E-002
   90.000000000000185       0.96738627768043917       0.26398104055316374     
   90.600666666666854        2.2988546536089087        1.7958565356565128     
   91.201333333333523        1.0284128975935820       0.27389359442283728     
   91.802000000000191       0.61100740434123246       0.19608083483343472     
   92.402666666666860       0.79483928252935876       0.26120644376728724     
   93.003333333333529       0.99426755304672854       0.45349003199759941     
   93.604000000000198       0.50341729401631830       0.17540262441968901     
   94.204666666666867       0.49430626159148366       0.16891965744320589     
   94.805333333333536       0.42027563743452001       0.14041741944950847     
   95.406000000000205        1.4189792351346886       0.62910910286658706     
   96.006666666666874       0.56321000093453222       0.14554421168084036     
   96.607333333333543       0.75056701447559482       0.22540897960477185     
   97.208000000000212       0.85757822558113506       0.33045237568689911     
   97.808666666666880        7.2638168955640072        6.7457823763718201     
   98.409333333333549        2.6163378784065614        1.3427097533367769     
   99.010000000000218       0.34883515137088239       0.10685343577094308     
   99.610666666666887       0.64334306622013071       0.16098035302898436     
   100.21133333333356        1.6317508359258326       0.84062331078066477     
   100.81200000000022       0.97331733083810035       0.25969937859782510     
   101.41266666666689        1.0773668326285120       0.32289958751057202     
   102.01333333333356        1.1776582452917190       0.34386287315886105     
   102.61400000000023       0.46240458650207178       0.12195062561846752     
   103.21466666666690       0.54594368741643018       0.13214896395812398     
   103.81533333333357       0.68849412854824765       0.21034653358338279     
   104.41600000000024       0.48286438203558818       0.15033226128901644     
   105.01666666666691       0.73353537319577100       0.26500411921828099     
   105.61733333333358       0.54956303073893875       0.20162572774597817     
   106.21800000000025       0.47665311714308928       0.20929678572168889     
   106.81866666666691       0.58661677198096618       0.19526669485151918     
   107.41933333333358        1.2718982726593631       0.27325708390536019     
   108.02000000000025       0.41419775332808340       0.13306268230032942     
   108.62066666666692       0.91958519252542170       0.24482302340193868     
   109.22133333333359       0.65746542350665527       0.17237417189489912     
   109.82200000000026       0.84829032521016012       0.22874877621124662     
   110.42266666666693       0.96515179925496897       0.34479178506154429     
   111.02333333333360       0.89449916512822703       0.26592745295003328     
   111.62400000000027       0.30445517966153685        9.4592329563700839E-002
   112.22466666666693       0.55915364687803815       0.18511252335334233     
   112.82533333333360       0.81768872209641907       0.47156034053535539     
   113.42600000000027        1.4142227588866103       0.97153963306675728     
   114.02666666666694       0.33762022525013957        8.6877014457997490E-002
   114.62733333333361       0.79062996631315663       0.26412277968330211     
   115.22800000000028       0.70922727196293811       0.23263177724871476     
   115.82866666666695       0.66036038014940546       0.17614173917091072     
   116.42933333333362       0.67630879536717226       0.21489084058585284     
   117.03000000000029        2.3244441056427423        1.7043912282128997     
   117.63066666666695        1.3185915372661936       0.41918222250747694     
   118.23133333333362       0.59917456208875031       0.14629935158841731     
   118.83200000000029        4.1201481099190254        3.2276459122260137     
   119.43266666666696       0.53097386618017284       0.14621014026219084     
   120.03333333333363       0.69405740146641692       0.17822004529392058     
   120.63400000000030       0.68633335571523424       0.20642850023940768     
   121.23466666666697       0.57378359545150681       0.16262434818640500     
   121.83533333333364        1.0458183954894740       0.28690913193681522     
   122.43600000000031       0.91588884121425440       0.21069776660192507     
   123.03666666666697        1.0411328730647704       0.32544183535428367     
   123.63733333333364        1.3899784076998505       0.61002241987690520     
   124.23800000000031        1.2268803543323958       0.50169550848310596     
   124.83866666666698       0.91084246665924173       0.21262535302978039     
   125.43933333333365       0.92004886512444750       0.34456366139382011     
   126.04000000000032        1.2381672619487434       0.33907778162215918     
   126.64066666666699       0.40654689320250409       0.13816743489482727     
   127.24133333333366        2.5224486052827118        1.5635503360245733     
   127.84200000000033       0.59855518171050748       0.19247818078409162     
   128.44266666666698       0.49800022691789686       0.16082213921559710     
   129.04333333333363       0.68674250324062769       0.20654699503323043     
   129.64400000000029       0.87217539543235134       0.22225938249394989     
   130.24466666666694       0.95189374325840126       0.27077441272604968     
   130.84533333333360       0.60517129790326263       0.19269956225457330     
   131.44600000000025        1.2230310643835729       0.69658378095294615     
   132.04666666666691        1.7541126500889375       0.97523816702974442     
   132.64733333333356       0.53951433810546567       0.16494429242864997     
   133.24800000000022        3.0385534331759336        2.2093217393932800     
   133.84866666666687        1.1600937924324357       0.39009601044624415     
   134.44933333333353       0.92031958429414940       0.28606428986373139     
   135.05000000000018       0.96902257480154197       0.31826818292227665     
   135.65066666666684       0.94536439869422051       0.26694713911580714     
   136.25133333333349        1.1423538397401363       0.55092089489120177     
   136.85200000000015        1.0737376265699878       0.30217503916165800     
   137.45266666666680        1.0824023294509917       0.27702245266082748     
   138.05333333333346       0.94028538642620096       0.28525599978029126     
   138.65400000000011        1.3835039832639280       0.45908983285683092     
   139.25466666666676        1.7525570365678345        1.0468299974388586     
   139.85533333333342       0.64651561074585884       0.20111523498011302     
   140.45600000000007       0.86648934877791650       0.27897971976627733     
   141.05666666666673        1.5080664795795407       0.44637772236637602     
   141.65733333333338        1.4470010505444735       0.42992099344420343     
   142.25800000000004        1.1088394791473268       0.37496852755910087     
   142.85866666666669       0.96860203920677479       0.39021655000869154     
   143.45933333333335       0.86950953173692314       0.23745624655935149     
   144.06000000000000       0.80778533996459689       0.27843940312171278     
   144.66066666666666       0.86917014082260691       0.23614801886752013     
   145.26133333333331       0.68974964467464195       0.19861811924664752     
   145.86199999999997        3.6149168072007214        1.9430464196646373     
   146.46266666666662        1.9671957998054661       0.78267734604613726     
   147.06333333333328       0.32160934082227577       0.15879921736812566     
   147.66399999999993        1.0010259254687153       0.30628671360777759     
   148.26466666666659        8.0000386777425412        5.7889817866827773     
   148.86533333333324        1.9531881121087153       0.50780747167876450     
   149.46599999999989       0.66069219780472566       0.23960848356416484     
   150.06666666666655        1.1454370232193583       0.40111189684062681     
   150.66733333333320        3.5906529006866439        1.8850011829549123     
   151.26799999999986        1.9279926619830301       0.92816420926411558     
   151.86866666666651       0.73647773164120078       0.27697296580305264     
   152.46933333333317        1.7239652630025974       0.48588736605564287     
   153.06999999999982        1.4595613891903880       0.48373607679788616     
   153.67066666666648        1.2018281058030760       0.37435379007735270     
   154.27133333333313        1.9876595308148977       0.83561185147762518     
   154.87199999999979        1.5240503530608436       0.75530231220820332     
   155.47266666666644        5.5879842161452933        3.5583739066630562     
   156.07333333333310        2.1116980858500973        1.0266880747625280     
   156.67399999999975        1.1559968405074914       0.39535521973697096     
   157.27466666666641        3.1345129562158824        1.1949168745999101     
   157.87533333333306        1.3993367995203683       0.53683845340356162     
   158.47599999999971        1.3739741417589963       0.41783584111399930     
   159.07666666666637        1.9654918192185982       0.59508628495935711     
   159.67733333333302        2.4386825715667730       0.83166813885094482     
   160.27799999999968       0.60717907624575473       0.24822735219982467     
   160.87866666666633        1.6834137825943221       0.48761314976586934     
   161.47933333333299        1.9488421743263715       0.62322786369332916     
   162.07999999999964        1.4354462205934229       0.42369149481380397     
   162.68066666666630        2.9659169718470757        1.2093266106531635     
   163.28133333333295        14.923667681227190        10.620661366677442     
   163.88199999999961        4.3104443187489512        1.4519178156785726     
   164.48266666666626        2.7949181255755122       0.83209109443182550     
   165.08333333333292        1.1509856705242272       0.45187705671445355     
   165.68399999999957        3.0608613807332139       0.76178476797953554     
   166.28466666666623        2.5614611020820135       0.68529205501322799     
   166.88533333333288        3.3264610497136267       0.86164755579827168     
   167.48599999999954        2.0595875659657668       0.73307943850377699     
   168.08666666666619        4.7099392541884715        1.5937925353965210     
   168.68733333333284        1.5281795231634527       0.57566061978797567     
   169.28799999999950        5.9555051489503690        1.6134879447356214     
   169.88866666666615        3.5096772764181585        1.1035857268557883     
   170.48933333333281        8.7586924106942980        4.8996802740477623     
   171.08999999999946        6.8361077816038325        2.6250493529024674     
   171.69066666666612        6.0449416869935293        1.2008579380921212     
   172.29133333333277        4.9787899228767181        1.2730394777393659     
   172.89199999999943        5.9815008071202067        1.2547393346508062     
   173.49266666666608        3.7836414505060412       0.96471990746464265     
   174.09333333333274        6.3463579197895630        1.3455625976685643     
   174.69399999999939        8.7178381917960248        2.0126636166933713     
   175.29466666666605        10.295073189353882        2.1576901252048453     
   175.89533333333270        13.919318193398917        3.3594898560103692     
   176.49599999999936        10.282539665267636        1.9639841665232185     
   177.09666666666601        14.342518689113767        2.1047815282215567     
   177.69733333333267        27.348727664962315        3.1054732475992277     
   178.29799999999932        32.759063615694359        3.4092693023849447     
   178.89866666666597        52.983525213591165        4.1558611475919180     
   179.49933333333263        31.336133014781829        2.7828869384436201     
