  -1.0000000000000000        199.15863064211129        61.484712186393409     
 -0.99333333333333329        246.85339208851488        63.758055033773950     
 -0.98666666666666658        251.82088106659904        61.015666340943575     
 -0.97999999999999987        151.30817476556732        40.613276668496894     
 -0.97333333333333316        318.90089673719064        70.968182266757154     
 -0.96666666666666645        285.67420294965297        66.838136237217739     
 -0.95999999999999974        446.62069122329677        137.19381900526881     
 -0.95333333333333303        262.90138504584729        67.176916230524327     
 -0.94666666666666632        240.74186063336901        52.647644180222905     
 -0.93999999999999961        265.47125393831129        73.558318854675818     
 -0.93333333333333290        226.99219135769135        59.442123962334911     
 -0.92666666666666619        250.60710091344086        63.376135273705387     
 -0.91999999999999948        207.85180655271125        61.837120195396714     
 -0.91333333333333278        213.42102608339692        60.916992272105979     
 -0.90666666666666607        256.09114346540872        71.945233429741322     
 -0.89999999999999936        169.57490570089286        61.111369897006803     
 -0.89333333333333265        303.35378907337571        84.570726330554677     
 -0.88666666666666594        201.54689593579533        57.153175285656467     
 -0.87999999999999923        340.30010082594987        95.441214703494481     
 -0.87333333333333252        445.36923902586233        245.88247710679781     
 -0.86666666666666581        288.20762447189765        67.274639543921751     
 -0.85999999999999910        219.78447659620161        57.050900076802392     
 -0.85333333333333239        345.94591631678333        127.61896833423599     
 -0.84666666666666568        203.37760560157849        54.709907629497572     
 -0.83999999999999897        218.88972311891993        63.743761216382111     
 -0.83333333333333226        266.33244757419033        73.700146431024748     
 -0.82666666666666555        268.36066342341701        81.904962550801784     
 -0.81999999999999884        438.56235944620494        94.644180670916271     
 -0.81333333333333213        224.66724156951886        53.197173972332187     
 -0.80666666666666542        187.88807454336137        56.795339045488078     
 -0.79999999999999871        286.65116252683362        80.897070308000707     
 -0.79333333333333200        349.17930400038119        87.587859122354971     
 -0.78666666666666529        225.72203849105290        57.764881229510166     
 -0.77999999999999858        522.99410705316427        216.74997493433816     
 -0.77333333333333187        297.88135746901634        78.720335380582540     
 -0.76666666666666516        232.73700213788902        68.506794340108385     
 -0.75999999999999845        187.75798537622620        55.151386001969477     
 -0.75333333333333174        374.52438823397733        84.334616698520236     
 -0.74666666666666504        210.10090389628283        72.770718298583049     
 -0.73999999999999833        359.41443987964351        80.690685866399221     
 -0.73333333333333162        634.85466799446988        224.19232365788716     
 -0.72666666666666491        210.63838928674275        62.791965375840235     
 -0.71999999999999820        312.49251662514916        149.98709747722245     
 -0.71333333333333149        295.66109084561430        74.007234866455121     
 -0.70666666666666478        216.44302145632960        107.98115933143718     
 -0.69999999999999807        270.02289655079346        60.837533373832365     
 -0.69333333333333136        158.08099275522667        59.083805810584494     
 -0.68666666666666465        322.26994681209254        82.512221991015792     
 -0.67999999999999794        258.49978034691514        73.161929740478683     
 -0.67333333333333123        222.30118028836651        57.006658285311303     
 -0.66666666666666452        284.98469569510593        85.589677703227466     
 -0.65999999999999781        250.70069733405222        78.231576758552364     
 -0.65333333333333110        273.52605471486709        119.75178670188068     
 -0.64666666666666439        473.41879526422883        283.90413521094951     
 -0.63999999999999768        223.06718782112827        52.737957895651661     
 -0.63333333333333097        170.36023368762474        37.887197536735101     
 -0.62666666666666426        235.10499704830283        64.919172982297653     
 -0.61999999999999755        235.08501778555225        72.305238984549021     
 -0.61333333333333084        280.77275602534678        81.182506230464384     
 -0.60666666666666413        223.17573855934307        62.257238659513014     
 -0.59999999999999742        509.92092093513975        198.99981061419848     
 -0.59333333333333071        219.97457571973140        66.223503996577733     
 -0.58666666666666401        212.77172236132282        63.419403503316353     
 -0.57999999999999730        210.03232819770784        62.437631680515175     
 -0.57333333333333059        357.60217650390149        114.47711505151136     
 -0.56666666666666388        313.55998750664418        115.79668339460470     
 -0.55999999999999717        103.99151602623061        42.089897427768278     
 -0.55333333333333046        500.77487562721433        221.00506239878402     
 -0.54666666666666375        176.07112086606239        60.894946706553768     
 -0.53999999999999704        282.60232542773213        89.258097957304884     
 -0.53333333333333033        219.48210194505739        76.374542431205512     
 -0.52666666666666362        285.24938063749619        89.632951560183443     
 -0.51999999999999691        174.38658043078343        61.897260986987540     
 -0.51333333333333020        269.18425090866288        66.502251335436668     
 -0.50666666666666349        663.97727714715404        467.68955985358122     
 -0.49999999999999684        296.66961355229324        91.870678360619962     
 -0.49333333333333018        781.04357561307938        562.39974595978094     
 -0.48666666666666353        216.68526767261449        60.852928670639919     
 -0.47999999999999687        169.79081273044156        55.351127040808294     
 -0.47333333333333022        252.99843657136049        80.639121361482736     
 -0.46666666666666357        388.83521414786151        174.59075332937653     
 -0.45999999999999691        310.11395104228723        93.061702499313256     
 -0.45333333333333026        317.92090739793264        94.942142178944238     
 -0.44666666666666360        315.23740199760465        87.745539027115768     
 -0.43999999999999695        205.52292107604217        58.601212439021040     
 -0.43333333333333030        296.81537611284176        92.492354874764047     
 -0.42666666666666364        274.60370007156439        88.585707301434780     
 -0.41999999999999699        306.65413013380277        73.191528109175010     
 -0.41333333333333033        274.35747186102600        82.980338258530196     
 -0.40666666666666368        287.71750951918386        116.21679657419008     
 -0.39999999999999702        192.99690347110885        64.580676808651560     
 -0.39333333333333037        331.43759713450788        97.438172725476306     
 -0.38666666666666372        254.34494784934606        82.398219259103101     
 -0.37999999999999706        231.30585782718143        77.336720773735934     
 -0.37333333333333041        190.59185534367336        89.414000943605700     
 -0.36666666666666375        392.16577120426871        108.01198400830087     
 -0.35999999999999710        308.44875402379586        111.97432172171889     
 -0.35333333333333045        268.44780660038043        68.070067225949487     
 -0.34666666666666379        169.14854439079849        74.188196686681778     
 -0.33999999999999714        141.69215819537703        62.329617936169235     
 -0.33333333333333048        406.74026316465796        238.55690706165811     
 -0.32666666666666383        382.91567675247683        111.94147427482513     
 -0.31999999999999718        154.00827564552557        51.161548583974806     
 -0.31333333333333052        178.53004306644323        55.764126762943505     
 -0.30666666666666387        502.96815390597305        163.86143174517917     
 -0.29999999999999721        331.10051147634385        90.566664381681974     
 -0.29333333333333056        171.90125579608724        52.913574056730091     
 -0.28666666666666391        256.83292230500012        111.22897725489402     
 -0.27999999999999725        272.36479962946123        80.864746120137653     
 -0.27333333333333060        312.98376596063468        101.13120129753787     
 -0.26666666666666394        304.66598089418568        147.30532377390281     
 -0.25999999999999729        349.97658295633340        106.00703010609683     
 -0.25333333333333063        210.67882859557685        85.444142212073103     
 -0.24666666666666398        42.233182689280838        18.724145485777168     
 -0.23999999999999733        141.05008347413894        67.418926327370585     
 -0.23333333333333067        309.64929312016403        90.308078347087303     
 -0.22666666666666402        179.97588810108786        62.227729850499969     
 -0.21999999999999736        138.65009922277255        53.744421247919199     
 -0.21333333333333071        116.71961194731902        50.255313383255015     
 -0.20666666666666406        315.70337654270577        89.166441028484940     
 -0.19999999999999740        319.78440057625255        100.55495253524563     
 -0.19333333333333075        222.34987631640033        68.546409769598569     
 -0.18666666666666409        227.42883331797205        66.731587702039803     
 -0.17999999999999744        206.32794611580144        70.367010627504314     
 -0.17333333333333079        190.83878576858402        67.378262754375257     
 -0.16666666666666413        334.85711395509526        107.28966953861604     
 -0.15999999999999748        93.765499846898408        34.500649395052925     
 -0.15333333333333082        130.67988943402122        65.167902221784772     
 -0.14666666666666417        343.46950683029274        108.68555982262879     
 -0.13999999999999752        81.145775427612080        40.093085946707390     
 -0.13333333333333086        161.24930057773790        60.976580228942389     
 -0.12666666666666421        163.88314464581916        67.373354770577137     
 -0.11999999999999754        324.35336661401567        106.22731760200890     
 -0.11333333333333087        298.01924617445104        82.088522199582968     
 -0.10666666666666420        310.33944853297493        101.31571212937304     
  -9.9999999999997535E-002   117.44661622895416        39.541341637869643     
  -9.3333333333330867E-002   318.76277805924150        95.910447261408009     
  -8.6666666666664199E-002   450.50541189820933        227.44559316343904     
  -7.9999999999997531E-002   1147.0323312299340        636.93531900688936     
  -7.3333333333330863E-002   218.90871022526360        70.686947002485184     
  -6.6666666666664195E-002   202.38590797902302        70.280737580144532     
  -5.9999999999997528E-002   287.13944180607012        91.342730673812326     
  -5.3333333333330860E-002   223.83707505621152        80.875209939018617     
  -4.6666666666664192E-002   429.10272420946296        218.92269774983251     
  -3.9999999999997524E-002   176.45295979910492        63.394951649634123     
  -3.3333333333330856E-002   196.17496677336672        84.351168167438033     
  -2.6666666666664188E-002   242.67069739682657        83.655687078992585     
  -1.9999999999997520E-002   194.72364464762137        67.139079803198598     
  -1.3333333333330852E-002   228.07169128337122        83.879132036356566     
  -6.6666666666641847E-003   187.21877304336044        63.749410912501652     
   2.4823892941228110E-015   292.56791764503691        93.062763282048010     
   6.6666666666691495E-003   168.24481930662211        58.467960387395721     
   1.3333333333335817E-002   386.29362885225993        128.43617934554385     
   2.0000000000002485E-002   389.49107468711566        128.59945438004428     
   2.6666666666669153E-002   312.53828890229516        120.03462687279918     
   3.3333333333335817E-002   645.55474351250450        293.03065611634185     
   4.0000000000002485E-002   130.61190218696257        58.168631049629518     
   4.6666666666669153E-002   137.13434110921278        43.005152438462211     
   5.3333333333335821E-002   252.46366183459918        85.023476817261596     
   6.0000000000002489E-002   292.18654977298235        108.78582087172298     
   6.6666666666669150E-002   164.47923456789724        61.360295020268225     
   7.3333333333335818E-002   158.55800910312630        56.533922645171458     
   8.0000000000002486E-002   194.79058425612683        60.550995081193243     
   8.6666666666669154E-002   163.26475608272219        58.206132676267913     
   9.3333333333335822E-002   214.06975518359599        64.137216986907760     
  0.10000000000000249        217.29946300255523        62.255770230609158     
  0.10666666666666916        234.75484271474656        66.186020797482897     
  0.11333333333333583        194.49489207361793        67.728655151663020     
  0.12000000000000249        153.91432701028464        69.757556785018195     
  0.12666666666666915        267.57269518510378        90.919827282818758     
  0.13333333333333580        291.15871908280099        89.271019205301869     
  0.14000000000000246        264.64585040534234        96.421516545094448     
  0.14666666666666911        347.09115159056148        139.72196594704417     
  0.15333333333333576        418.79588521751879        231.59310921023209     
  0.16000000000000242        148.70600571152227        62.164657971807685     
  0.16666666666666907        182.42978884738531        70.552690929204743     
  0.17333333333333573        124.85222044039081        50.420916155094915     
  0.18000000000000238        136.66022477388319        45.494574351793339     
  0.18666666666666903        262.31525227258049        92.155505739249151     
  0.19333333333333569        167.32651305654903        66.326406502627194     
  0.20000000000000234        344.47944757599748        99.900273109560175     
  0.20666666666666900        189.97914280142007        55.630883493009812     
  0.21333333333333565        345.02826864167088        98.771617354711154     
  0.22000000000000230        300.95291134194503        96.453871610253046     
  0.22666666666666896        204.55580357679833        67.768208625828791     
  0.23333333333333561        326.46535422490751        100.91950951468604     
  0.24000000000000227        247.78027232857468        82.664422424474125     
  0.24666666666666892        239.16644432815002        86.283127332094438     
  0.25333333333333558        125.92548560651592        48.760332488910919     
  0.26000000000000223        274.40886924486159        81.900945945317716     
  0.26666666666666888        211.74775842665872        69.102639178031964     
  0.27333333333333554        197.07857200954587        67.082483604370566     
  0.28000000000000219        161.33710096052363        46.658568146957919     
  0.28666666666666885        394.38641928663583        146.98111657362787     
  0.29333333333333550        391.30783170635635        107.27062781952144     
  0.30000000000000215        106.57021870159923        53.998133607834525     
  0.30666666666666881        472.20492342761480        187.60777806442758     
  0.31333333333333546        116.40346464008221        41.094551132439875     
  0.32000000000000212        424.65569627995336        172.58210092392616     
  0.32666666666666877        192.24207732950609        62.006924250750096     
  0.33333333333333542        212.83581636113880        74.996748118850022     
  0.34000000000000208        270.54225598514631        113.66362275854411     
  0.34666666666666873        74.309045143354908        27.105234302569574     
  0.35333333333333539        642.91271982772025        209.30190487724627     
  0.36000000000000204        282.13438211901268        97.309159903997354     
  0.36666666666666869        240.25766497546661        84.001264537421505     
  0.37333333333333535        454.76029881601210        107.63436693638140     
  0.38000000000000200        135.63195663134658        41.007109877196477     
  0.38666666666666866        119.78129392718631        44.269925615278197     
  0.39333333333333531        207.31081931747872        75.760185649137512     
  0.40000000000000197        152.81875625112335        49.091467207855089     
  0.40666666666666862        400.60007830877532        126.00181675498237     
  0.41333333333333527        205.10384136940652        67.689088906408628     
  0.42000000000000193        293.23980839242648        92.090708124500026     
  0.42666666666666858        340.47278925096646        121.04127025773579     
  0.43333333333333524        323.41390525912885        115.69923038212089     
  0.44000000000000189        275.46616959772422        90.168845768921344     
  0.44666666666666854        280.96102743240800        82.466049222932170     
  0.45333333333333520        342.95365538353121        113.57418763629632     
  0.46000000000000185        186.52286111879098        64.598206155431768     
  0.46666666666666851        358.21254995518291        99.565147550550222     
  0.47333333333333516        130.18747932583057        48.574438941727628     
  0.48000000000000181        119.83796109538767        43.524470175968382     
  0.48666666666666847        285.78320086350385        88.571484816393962     
  0.49333333333333512        246.49322674961195        77.847389515560778     
  0.50000000000000178        294.44656488961846        159.11554073298367     
  0.50666666666666849        265.38824281957631        77.819983135077436     
  0.51333333333333520        280.26849674872119        90.740061255548738     
  0.52000000000000191        233.46447980282375        66.374473873990993     
  0.52666666666666861        208.84015917393256        67.272600551212903     
  0.53333333333333532        334.80810820122139        100.45116358935618     
  0.54000000000000203        133.81565566283655        46.226758501036564     
  0.54666666666666874        660.37528017623220        412.17930349030354     
  0.55333333333333545        314.19492093407291        89.177073422682028     
  0.56000000000000216        198.11649451225477        66.756853793125941     
  0.56666666666666887        228.11653087538429        56.739428315385588     
  0.57333333333333558        228.72788769785836        73.463226719776827     
  0.58000000000000229        505.28639813582055        145.70428524745759     
  0.58666666666666900        495.19140717632877        113.51665646464743     
  0.59333333333333571        340.24800942573734        82.423360225699028     
  0.60000000000000242        261.65954343756596        87.641819640788356     
  0.60666666666666913        210.72795472576300        69.313196309110509     
  0.61333333333333584        236.43855863013243        58.551252716978148     
  0.62000000000000255        192.05252566560253        55.453355987848141     
  0.62666666666666926        317.27091739532761        83.791088508975619     
  0.63333333333333597        222.78074965785638        72.604392503307366     
  0.64000000000000268        455.88119397294332        337.37475380310207     
  0.64666666666666939        207.88757103567431        67.800168823590738     
  0.65333333333333610        134.46788279164753        50.126153342475313     
  0.66000000000000281        945.96533713830831        620.98719148163548     
  0.66666666666666952        204.24946274949903        57.889310028958192     
  0.67333333333333623        189.95840829904620        69.466771974743509     
  0.68000000000000294        310.88142766402086        162.95590038997429     
  0.68666666666666965        211.61777714544178        58.255510087383911     
  0.69333333333333635        143.29804275267708        47.980710694740502     
  0.70000000000000306        206.56179245047358        72.601995524277314     
  0.70666666666666977        455.16022891844511        144.76483218140697     
  0.71333333333333648        242.40264787899721        65.982754615835972     
  0.72000000000000319        243.84077677733154        113.61179246842961     
  0.72666666666666990        228.36331806321371        58.870487133937949     
  0.73333333333333661        172.63106853734976        45.079011139236151     
  0.74000000000000332        120.08507218134662        31.344458299213631     
  0.74666666666667003        274.26619944301768        69.250984857412575     
  0.75333333333333674        398.21289183070678        92.910115525134387     
  0.76000000000000345        139.81518842721343        43.908953713312243     
  0.76666666666667016        272.90685854164906        95.149621360346316     
  0.77333333333333687        269.66334359694628        70.406771308038358     
  0.78000000000000358        327.12957119780924        104.28654271440631     
  0.78666666666667029        403.01059650859798        112.74209733882998     
  0.79333333333333700        183.90559494650947        52.596993648470765     
  0.80000000000000371        199.36667295140629        58.204526428668679     
  0.80666666666667042        312.78314122447972        124.19694858673574     
  0.81333333333333713        319.48916218145951        79.999861006857003     
  0.82000000000000384        304.12847195857029        73.049063592912333     
  0.82666666666667055        348.67281615559523        87.993944976440574     
  0.83333333333333726        189.95533448875739        88.193575882768087     
  0.84000000000000397        223.67717042594958        68.609488962092570     
  0.84666666666667068        309.24132133959898        106.03729809852008     
  0.85333333333333738        151.37617712835760        51.277780590125992     
  0.86000000000000409        156.59539383235875        45.732404810316091     
  0.86666666666667080        1243.1303641955672        898.96131928407181     
  0.87333333333333751        163.99301069861482        47.192032515154970     
  0.88000000000000422        241.28092958859199        79.535397071420178     
  0.88666666666667093        248.72007506895832        73.717152772106459     
  0.89333333333333764        123.22731122774935        38.200490726163025     
  0.90000000000000435        288.79186862526961        83.937261142062852     
  0.90666666666667106        307.62198221781205        72.167297975577981     
  0.91333333333333777        215.13677771610537        53.895063619101322     
  0.92000000000000448        187.12668724002390        58.370621435183310     
  0.92666666666667119        196.50558750005231        60.855223311415386     
  0.93333333333333790        329.01348360993597        96.594986770483672     
  0.94000000000000461        223.55537705442725        53.204110577047892     
  0.94666666666667132        180.08039359769720        51.217920715912868     
  0.95333333333333803        269.44516451520190        67.014357762467966     
  0.96000000000000474        305.48647577876960        76.082428678881598     
  0.96666666666667145        195.79714138660989        52.771583217740151     
  0.97333333333333816        252.91833366801953        79.353665928724638     
  0.98000000000000487        264.92804714225753        55.328973512967508     
  0.98666666666667158        200.03463254582266        53.853451197315664     
  0.99333333333333829        722.86221716707121        524.65708414249195     
