 -0.10000000000000001        5.8410035596113161       0.82155677439238550     
  0.50066666666666670        11.252879894651457        1.3410333414219777     
   1.1013333333333333        4.5587242664770447       0.79569823672404250     
   1.7020000000000000        4.1247599482621942       0.84802215711378059     
   2.3026666666666666        3.8794336019357010       0.86562935772079586     
   2.9033333333333333        2.3027618957119875       0.63647755761131164     
   3.5040000000000000        1.4598310978014850       0.46889324769356150     
   4.1046666666666667        3.9973617712185865       0.96229864755506489     
   4.7053333333333338        1.7011557393834422       0.52951597490686497     
   5.3060000000000009        1.6990946301187302       0.55268798369083960     
   5.9066666666666681        1.5307500909635881       0.62720974745325897     
   6.5073333333333352        1.4831881802065401       0.62342032455462082     
   7.1080000000000023        2.5518457481763943       0.78133223057196333     
   7.7086666666666694       0.94290174410295291       0.39499510737221138     
   8.3093333333333366       0.79311193780991596       0.46295003660710621     
   8.9100000000000037       0.80587398952380584       0.39967350024954207     
   9.5106666666666708       0.88457542848574422       0.52379714402672051     
   10.111333333333338        1.4593545017936249       0.59984697368926321     
   10.712000000000005       0.56705068383606705       0.32350218801509451     
   11.312666666666672        1.0329339763124668       0.49788634722268171     
   11.913333333333339       0.77909789682446740       0.53927733537877542     
   12.514000000000006        1.3981924688838399       0.57950890852853210     
   13.114666666666674        1.2497478146564829       0.51561058572136098     
   13.715333333333341       0.57944086048160481       0.41095472392871402     
   14.316000000000008       0.58728254137121472       0.32117035452805670     
   14.916666666666675       0.89920261511476218       0.47677151682781133     
   15.517333333333342        1.3849595097595728       0.56231341919564470     
   16.118000000000009        6.1927774848440607E-002   3.2009558918215490E-002
   16.718666666666675        1.1009601675270484       0.42118229814376978     
   17.319333333333340       0.67007954611776743       0.33993853474268521     
   17.920000000000005       0.57153801717772834       0.36299610419079087     
   18.520666666666671       0.73839306324440934       0.37455738418943774     
   19.121333333333336       0.32865939838774233       0.13074826272871798     
   19.722000000000001       0.66750929434143191       0.38954741331841808     
   20.322666666666667        6.8607591675841781E-002   3.8849404406515957E-002
   20.923333333333332       0.74423219977570221       0.38489741671717098     
   21.523999999999997        9.8545067429398003E-002   4.7573067155112593E-002
   22.124666666666663       0.14217969594166968        5.3476212286007636E-002
   22.725333333333328        5.5455594884147585E-002   2.3543153769036030E-002
   23.325999999999993        8.7620413331758171E-002   3.2821348850200709E-002
   23.926666666666659       0.44188275879299438       0.24606235208832181     
   24.527333333333324       0.22986109202823696       0.11169903194707033     
   25.127999999999989       0.14404322843949954        8.8904319984829061E-002
   25.728666666666655       0.52357395664976625       0.25432100476738506     
   26.329333333333320       0.14193858079059163        6.3570800000482167E-002
   26.929999999999986       0.61751911826579120       0.36956749310966830     
   27.530666666666651       0.67829421984824034       0.56394905367990078     
   28.131333333333316       0.24389492705707008        9.9266612322794309E-002
   28.731999999999982        7.0483041875861338E-002   4.8681574270501397E-002
   29.332666666666647       0.48242566463016684       0.24912128600215311     
   29.933333333333312       0.80062801621367885       0.51876403417119699     
   30.533999999999978       0.12802627445611547        7.5036499495969189E-002
   31.134666666666643       0.11521553248733390        4.8882505190981598E-002
   31.735333333333308       0.20240921488400318       0.10619220819965372     
   32.335999999999977       0.20440053192147045        7.4399391146517696E-002
   32.936666666666646       0.11573425423951865        5.6203839026134211E-002
   33.537333333333315       0.23252902984471516       0.12049425411847421     
   34.137999999999984       0.33330871969649700       0.28128526065895676     
   34.738666666666653       0.27590106526918901       0.18106011590885379     
   35.339333333333322       0.14338180473147133       0.11516103239623796     
   35.939999999999991       0.16277573077303029       0.11619223118597952     
   36.540666666666660       0.18404717123068565       0.12327029855254994     
   37.141333333333328       0.18554843000975829       0.14746713531826003     
   37.741999999999997       0.13448616002940394       0.10284947122696450     
   38.342666666666666       0.14425567091777355        7.9725503233162270E-002
   38.943333333333335        8.6329872700859442E-002   6.3511537491927533E-002
   39.544000000000004        9.5035552074859975E-002   4.9283527020421970E-002
   40.144666666666673        6.8746423899122583E-002   4.8157625841215544E-002
   40.745333333333342       0.33280598313817916       0.16053879323761980     
   41.346000000000011        7.3556196258874676E-002   4.9909781832534812E-002
   41.946666666666680       0.34176030537203927       0.22209671996759442     
   42.547333333333349       0.69420804337777842       0.31707539165852316     
   43.148000000000017        1.8291311684023104        1.6460922700571774     
   43.748666666666686        8.4844690466390468E-002   3.0631105048579226E-002
   44.349333333333355       0.24215582839398869       0.11745822445032338     
   44.950000000000024       0.46138197199789105       0.22413231306060943     
   45.550666666666693       0.48685363535249471       0.26757188964452255     
   46.151333333333362       0.81630869794644878       0.36397024223742452     
   46.752000000000031        9.9983553064677877E-002   5.3901178369959953E-002
   47.352666666666700       0.15635445516418175        8.1355491809657718E-002
   47.953333333333369        1.0798315702165875       0.62749287750474148     
   48.554000000000038       0.33262461135282745       0.22215273566609042     
   49.154666666666706       0.38076466316435043       0.27817407170094799     
   49.755333333333375       0.14149300275592855        8.8860286677941033E-002
   50.356000000000044       0.25742617154531844       0.16637551778796353     
   50.956666666666713        9.0214849387891052E-002   3.9810017272889395E-002
   51.557333333333382       0.95402984264059831       0.45307602814008030     
   52.158000000000051        4.1640852243506214E-002   2.5293310214951667E-002
   52.758666666666720       0.23440410558400770       0.15828490901751935     
   53.359333333333389        3.5427569985834191E-002   2.3045669008004480E-002
   53.960000000000058       0.19578138918399943       0.13676662561545394     
   54.560666666666727       0.11195642539588010        7.7509232214355656E-002
   55.161333333333396       0.22788150779352620       0.19420887186319313     
   55.762000000000064       0.22061990190849901       0.17876334684903256     
   56.362666666666733        4.4214754313778179E-002   2.1442761486916768E-002
   56.963333333333402       0.24068474943835616       0.12386189376080102     
   57.564000000000071       0.15727807872543634       0.14429541079719235     
   58.164666666666740       0.83073363858626903       0.52045295702796168     
   58.765333333333409       0.31862313114445273       0.28959212831846082     
   59.366000000000078        1.4392790489434915        1.1775304619712617     
   59.966666666666747        9.3097539048961356E-002   4.5947382074579241E-002
   60.567333333333416       0.11458644660618354        8.0555777680594798E-002
   61.168000000000085       0.28043658351194645       0.19205802143951176     
   61.768666666666753       0.32826096844163510       0.21716188287923585     
   62.369333333333422       0.35706106983636982       0.18351050488071902     
   62.970000000000091       0.65166449168611329       0.50156439627001370     
   63.570666666666760       0.11893328271953424        5.7525662389049478E-002
   64.171333333333422       0.18706471565779773        9.5537612281070577E-002
   64.772000000000091       0.12474160882588264        7.2527621938676928E-002
   65.372666666666760       0.40431553193168729       0.39787500922135643     
   65.973333333333429       0.40314689988230551       0.17032862266862897     
   66.574000000000098        7.6393419585370298E-002   3.0367514527292909E-002
   67.174666666666766       0.29063637351257893       0.15139024405914761     
   67.775333333333435        1.5773534185358999        1.3375476369728503     
   68.376000000000104       0.45391831634115110       0.24834539843878933     
   68.976666666666773       0.34778894407257221       0.21063598596412841     
   69.577333333333442        8.4580458387669116E-002   7.1478692648772504E-002
   70.178000000000111       0.43511152009677700       0.25890301913715158     
   70.778666666666780        7.5838560390984647E-002   3.3675388621364294E-002
   71.379333333333449       0.84168460184818328       0.42043408537159610     
   71.980000000000118        5.8326400295111665E-002   2.1756023574750979E-002
   72.580666666666787       0.19438500897794736        8.0149545504721989E-002
   73.181333333333455       0.40732469808381122       0.24253791192979676     
   73.782000000000124        1.0703227981896288       0.93460711707655797     
   74.382666666666793        6.6719948169706736E-002   2.2063018994190907E-002
   74.983333333333462        4.6651509633531749E-002   2.0312136043438529E-002
   75.584000000000131        3.8308764121795957E-002   2.2405931593051289E-002
   76.184666666666800       0.22317911954279396       0.11724906572955152     
   76.785333333333469       0.23133434794379573       0.14320726694476932     
   77.386000000000138       0.15135112632976444       0.12071275360752118     
   77.986666666666807       0.19998786606452587       0.11794977897761941     
   78.587333333333476       0.17744715556467625       0.10392059265777676     
   79.188000000000144        6.0993236755911777E-002   1.7565286600479617E-002
   79.788666666666813       0.11819112194803318        4.2460790629377222E-002
   80.389333333333482        6.1674077224830724E-002   3.3478709834765322E-002
   80.990000000000151        7.7472426793410668E-002   3.4291593312940384E-002
   81.590666666666820        8.1565248274238722E-002   3.4337411504642687E-002
   82.191333333333489        8.1255616967361333E-002   4.3316975626066172E-002
   82.792000000000158        7.2721171879002969E-002   3.6673156022400177E-002
   83.392666666666827       0.11058661423195625        6.2619371137111718E-002
   83.993333333333496       0.29143268050263094       0.18247549090513893     
   84.594000000000165       0.13594242251434691        6.4429042291791694E-002
   85.194666666666834        4.8944389364981029E-002   2.3723966273537397E-002
   85.795333333333502        4.2233197683757592E-002   2.1010449606175229E-002
   86.396000000000171       0.18844886807476013       0.13305508591301496     
   86.996666666666840       0.24739973893436137       0.11865521518619490     
   87.597333333333509        4.0287940988936635E-002   1.5159677683088551E-002
   88.198000000000178       0.21368378813660863       0.10315538365983005     
   88.798666666666847        9.3298994145898789E-002   6.1301008737661741E-002
   89.399333333333516        1.4058571045587481E-002   8.1331041467517708E-003
   90.000000000000185       0.11360054069808299        4.9250326414096858E-002
   90.600666666666854        9.3543072088420220E-002   3.4708357539081455E-002
   91.201333333333523        7.6978740122645245E-002   3.1124687645305925E-002
   91.802000000000191        5.3364315315455997E-002   1.7642416267594625E-002
   92.402666666666860        4.1295126522718106E-002   2.2284533700134272E-002
   93.003333333333529        2.2497514319437178E-002   7.7854571270008048E-003
   93.604000000000198        3.5010871275468480E-002   1.8843335310973340E-002
   94.204666666666867       0.10412083624570738        6.9644913546870232E-002
   94.805333333333536       0.49053983224270814       0.30356780861617466     
   95.406000000000205        8.1697673113781816E-002   3.0877175347873341E-002
   96.006666666666874        5.4963714284540950E-002   2.3014730979076321E-002
   96.607333333333543        9.0442173674314300E-002   6.4524149248622403E-002
   97.208000000000212        8.4609979902859886E-002   4.8724531492739948E-002
   97.808666666666880       0.16895259633885917        7.2229426084283996E-002
   98.409333333333549       0.38305326961995473       0.20800774062349589     
   99.010000000000218       0.10056096039592718        4.9243620921660576E-002
   99.610666666666887       0.32775161494580773       0.14753258177568390     
   100.21133333333356        5.5801015105687475E-002   2.9688834233570858E-002
   100.81200000000022       0.11258495856418786        5.4212010893775371E-002
   101.41266666666689       0.17173378897014269        7.3240949879247133E-002
   102.01333333333356        6.7007767745753288E-002   3.4015553328104832E-002
   102.61400000000023       0.18520688878059244        7.8805340984703307E-002
   103.21466666666690       0.34294818150633005       0.20261476945210019     
   103.81533333333357        2.8796003394534971E-002   1.2656037653371999E-002
   104.41600000000024       0.11702432593419466        6.9092625391150853E-002
   105.01666666666691       0.18326546683334533       0.14564946714469257     
   105.61733333333358       0.29125288684049588       0.13996908597066773     
   106.21800000000025       0.41805865063292907       0.15391264743098271     
   106.81866666666691        7.9181717540077343E-002   3.2759249684267515E-002
   107.41933333333358       0.14037447380206980        7.3147200225607667E-002
   108.02000000000025       0.12469219737830328       0.10993406076098670     
   108.62066666666692       0.20785875470954768       0.16670169309442071     
   109.22133333333359       0.24904084994761549       0.15337398797935517     
   109.82200000000026        7.2636912159716072E-002   4.1618631126778945E-002
   110.42266666666693        9.8971120694472073E-002   5.9896083229059774E-002
   111.02333333333360        4.5744213150102207E-002   2.4541593223870620E-002
   111.62400000000027       0.12281359209982036        4.3086885580484124E-002
   112.22466666666693        8.7569127399549349E-002   6.7490540817336617E-002
   112.82533333333360       0.17685945605264178       0.15666984673443921     
   113.42600000000027        3.9624475969246162E-002   1.4175291604554866E-002
   114.02666666666694        9.4087558586653866E-002   6.2419837210378415E-002
   114.62733333333361       0.51583878025235785       0.43017187264357887     
   115.22800000000028       0.39929470563532016       0.23366954842699181     
   115.82866666666695        4.6768217693492195E-002   2.4112838560435425E-002
   116.42933333333362       0.12579288643161243        7.9353672134859624E-002
   117.03000000000029       0.19943122123321366       0.10191389080138026     
   117.63066666666695       0.11097406222031855        8.0607419761807853E-002
   118.23133333333362        3.0814527408934068E-002   1.3316398298595003E-002
   118.83200000000029       0.19477876687530316       0.10179879004341602     
   119.43266666666696        4.7340085431752825E-002   1.7516036569541045E-002
   120.03333333333363       0.21691789492168453       0.19356814968153493     
   120.63400000000030       0.19562516878456748       0.15893079702451374     
   121.23466666666697       0.36488711159312903       0.22726809022499742     
   121.83533333333364       0.19083530776460211       0.13069765293519089     
   122.43600000000031       0.14669025699827784        8.1160173236151378E-002
   123.03666666666697       0.19446574517563361       0.15108382576170895     
   123.63733333333364       0.18266048489469355       0.12060388183452234     
   124.23800000000031       0.12382242785391785        6.3011136537564710E-002
   124.83866666666698        9.9360118418421947E-002   8.0536653993127594E-002
   125.43933333333365        2.4280121043646997E-002   1.2359612547386491E-002
   126.04000000000032       0.19988017853822648       0.15397980576832854     
   126.64066666666699       0.10402086921450454        6.1523057281783443E-002
   127.24133333333366       0.55415478151714792       0.31862928633988091     
   127.84200000000033       0.15749501836918023       0.13861875486199535     
   128.44266666666698       0.39490894655074638       0.27236149186851794     
   129.04333333333363       0.29881549492768483       0.20615641142273144     
   129.64400000000029       0.25131759747486770       0.14735800625535461     
   130.24466666666694        2.3996360414266157E-002   1.0321549373419928E-002
   130.84533333333360       0.22554213609036566        9.3913803183016814E-002
   131.44600000000025        5.2038663368413611E-002   2.3723931385809329E-002
   132.04666666666691       0.35226981917630235       0.28649179222430388     
   132.64733333333356       0.20007624166313986       0.10994387477248319     
   133.24800000000022       0.21063587081254737       0.17843758525075548     
   133.84866666666687       0.42952849740272825       0.26484758372069339     
   134.44933333333353       0.41135832248466103       0.32613005174041387     
   135.05000000000018       0.20856843336921788       0.10080935758472412     
   135.65066666666684        5.6739768587118274E-002   2.5453895116968616E-002
   136.25133333333349        5.0987176375849132E-002   2.2165702882401224E-002
   136.85200000000015       0.78536927533417589       0.35706255435932932     
   137.45266666666680        1.4727306287872823        1.2657749279785508     
   138.05333333333346        3.1528309582705756E-002   1.7312517929264751E-002
   138.65400000000011       0.31793643786255354       0.19735190543716249     
   139.25466666666676       0.55234391956253837       0.33344257402565591     
   139.85533333333342        4.2886579635442415E-002   2.7414108543120229E-002
   140.45600000000007       0.17295372667077666       0.12744594372734194     
   141.05666666666673       0.24113524997997229       0.14066534880859735     
   141.65733333333338       0.31806305322452888       0.29442611145367004     
   142.25800000000004       0.33238792798311412       0.28750879823774372     
   142.85866666666669        7.9022463298636061E-002   4.0061658274485795E-002
   143.45933333333335       0.30652856687748448       0.14482258724886393     
   144.06000000000000       0.83106878217338565       0.65086875960417057     
   144.66066666666666       0.40201121024599190       0.29366751331933172     
   145.26133333333331        6.0872235889794055E-002   3.2417841563536616E-002
   145.86199999999997       0.49278884340726192       0.24087156028103465     
   146.46266666666662       0.32980368354589029       0.20088081356813714     
   147.06333333333328        9.3049925618300805E-002   7.3413024281904382E-002
   147.66399999999993        6.5595849768059197E-002   4.2444291967612104E-002
   148.26466666666659        8.8908983925408497E-002   3.3833668231541637E-002
   148.86533333333324       0.33628129222833097       0.16995016029278223     
   149.46599999999989       0.79475830208685816       0.44848484464521804     
   150.06666666666655       0.97389290603218615       0.50110568614834139     
   150.66733333333320       0.18124057545648473        8.5927543287306257E-002
   151.26799999999986       0.23922973790617375       0.16380387487401521     
   151.86866666666651        1.9144352448756483        1.6965282165062818     
   152.46933333333317       0.43147399916323992       0.26999307653588162     
   153.06999999999982       0.40628554886142287       0.25164697925090218     
   153.67066666666648       0.43402965979086489       0.33192700507481016     
   154.27133333333313       0.32836848530145218       0.17930750426120881     
   154.87199999999979       0.41515145050004282       0.18526051818236131     
   155.47266666666644       0.91166031268032555       0.51632520404760573     
   156.07333333333310       0.89741492117726729       0.50266312325633811     
   156.67399999999975       0.30104789043402136       0.24054426204013379     
   157.27466666666641       0.15454095719218353        6.5212505579925861E-002
   157.87533333333306       0.39137568552480317       0.22213460825757203     
   158.47599999999971       0.28573852799249577       0.16260343639248437     
   159.07666666666637       0.87763367165898665       0.56554379174486102     
   159.67733333333302       0.54771980764480610       0.24344135816796911     
   160.27799999999968       0.50708311764510861       0.27264920808930349     
   160.87866666666633       0.43323195298140504       0.27958229128672196     
   161.47933333333299       0.83140181129513768       0.38577205505248646     
   162.07999999999964       0.33771075650700427       0.14961561248482488     
   162.68066666666630       0.91618592721075909       0.49565680293560338     
   163.28133333333295       0.32347333999360994       0.18761498806629151     
   163.88199999999961       0.60352449609538494       0.28447790004183804     
   164.48266666666626        1.0129595127467443       0.52678329166162829     
   165.08333333333292       0.42492710626874719       0.24869332995099905     
   165.68399999999957       0.68731515624949890       0.33731561923799047     
   166.28466666666623       0.68966154482590436       0.39552886132041604     
   166.88533333333288       0.33920593193457321       0.18331724687360415     
   167.48599999999954        1.3437755070906956       0.66123796076328467     
   168.08666666666619       0.83345961410010860       0.46191075588370595     
   168.68733333333284       0.83711869524877280       0.32256395582057507     
   169.28799999999950        1.1800478190400916       0.45258545683667645     
   169.88866666666615        1.0568178111936937       0.42704191057212182     
   170.48933333333281        1.2194736305119258       0.51557004988215727     
   171.08999999999946        1.5692885643874781       0.58325094710147440     
   171.69066666666612        1.6114875867025968       0.64136312837344522     
   172.29133333333277       0.65314546126431061       0.32395658133648081     
   172.89199999999943        2.5685364036441856       0.75853155298672759     
   173.49266666666608        2.0367912881781840       0.68673133581589563     
   174.09333333333274        1.3151046012284213       0.50756820677332948     
   174.69399999999939        2.5930873363956954       0.69932820569165932     
   175.29466666666605        1.4170429231561819       0.58615877885233136     
   175.89533333333270        1.5484760946777683       0.47250147640868445     
   176.49599999999936        2.4473508446440997       0.68640220354208337     
   177.09666666666601        2.7578497794602246       0.70970296419914214     
   177.69733333333267        5.9686434564021500        1.0926517341861650     
   178.29799999999932        5.6008801690029140       0.98681561012226782     
   178.89866666666597        9.5558398385941157        1.2494488739575376     
   179.49933333333263        6.0763227449578920       0.84267362381071675     
