 -0.10000000000000001        720.62184388242815        22.956346424330832     
  0.50036666666666663        69.224231864799833        4.1126080984305116     
   1.1007333333333333        30.367960452744420        2.6567700404193424     
   1.7010999999999998        17.343555486499326        2.1920177908974630     
   2.3014666666666663        11.213527103085108        1.5317272153123063     
   2.9018333333333328        7.4937000803741807        1.4160708026677737     
   3.5021999999999993        6.0477390425430357        1.1795564751748895     
   4.1025666666666663        3.3036456075756986       0.75064161530161666     
   4.7029333333333332        3.0236711151026601       0.95580990283997469     
   5.3033000000000001        2.9265771050334846       0.81094308442686502     
   5.9036666666666671        2.4591679645932492       0.76027740801862176     
   6.5040333333333340       0.36070300194568733       0.13970791158679330     
   7.1044000000000009        1.3542966757030939       0.57873963586951693     
   7.7047666666666679        1.6672620185431570       0.77211672422786370     
   8.3051333333333339       0.43075599775731827       0.20364953204666625     
   8.9055000000000000        1.4846669996523574        1.0230353940242154     
   9.5058666666666660       0.17433158576803595       0.12874007036567617     
   10.106233333333332       0.37605175499138860       0.24878640408875213     
   10.706599999999998       0.25776953357931293       0.11119001477498086     
   11.306966666666664       0.78217328880138015       0.47332472011847410     
   11.907333333333330        3.1364809490045414E-002   2.4059230555410847E-002
   12.507699999999996       0.16425464971999310       0.11829681074183161     
   13.108066666666662        7.4003437129796415E-002   5.3972052814493396E-002
   13.708433333333328        9.1707068047166648E-002   8.1984994000055239E-002
   14.308799999999994       0.20909976679331971       0.11908835459054209     
   14.909166666666660        6.1707714756543165E-002   6.0843297085514635E-002
   15.509533333333327        9.2857747183997960E-002   6.6177722531195415E-002
   16.109899999999993       0.14602157692876178       0.11374854066211507     
   16.710266666666659        8.0105192345170852E-003   5.1119900876043884E-003
   17.310633333333325        8.5260630288486836E-002   4.9589402656052745E-002
   17.910999999999991       0.38953374087278864       0.37914119892228426     
   18.511366666666657        0.0000000000000000        0.0000000000000000     
   19.111733333333323        4.7347889846400829E-002   3.2878306045915594E-002
   19.712099999999989       0.14775219527683539        9.9316468100733690E-002
   20.312466666666655        0.0000000000000000        0.0000000000000000     
   20.912833333333321        1.1823586502237013E-002   1.1214262021806918E-002
   21.513199999999987        4.2904779276129994E-003   4.1965907092650270E-003
   22.113566666666653        1.8111906101346144E-002   1.8089886549688645E-002
   22.713933333333319        0.0000000000000000        0.0000000000000000     
   23.314299999999985        4.4688928106398941E-002   4.3201042836445769E-002
   23.914666666666651        4.6581089151069940E-002   4.6576631417278108E-002
   24.515033333333317        5.0031316849530284E-003   5.0023930517925927E-003
   25.115399999999983        1.4117169501866476E-002   1.0009380880647121E-002
   25.715766666666649        2.2765566781621398E-004   2.2764037608368181E-004
   26.316133333333315        1.7018733121891227E-002   1.6912478823046761E-002
   26.916499999999981        0.0000000000000000        0.0000000000000000     
   27.516866666666647        1.8064125162686711E-003   1.8063045773055158E-003
   28.117233333333314        1.0393579857664805E-003   1.0393025222809817E-003
   28.717599999999980        1.3726940332892431E-002   1.3677373249561024E-002
   29.317966666666646        6.7331342686264345E-003   6.7327457326459257E-003
   29.918333333333312        0.0000000000000000        0.0000000000000000     
   30.518699999999978        2.5572859953488522E-003   2.5571226061530594E-003
   31.119066666666644        3.3857702731015411E-002   3.1051008061834685E-002
   31.719433333333310        1.0393776116669604E-004   1.0393032083158744E-004
   32.319799999999979        3.0252879278217314E-002   3.0251086568116588E-002
   32.920166666666645        0.0000000000000000        0.0000000000000000     
   33.520533333333312        1.9045427552142524E-003   1.8737970860845982E-003
   34.120899999999978        0.0000000000000000        0.0000000000000000     
   34.721266666666644        0.0000000000000000        0.0000000000000000     
   35.321633333333310        0.0000000000000000        0.0000000000000000     
   35.921999999999976        5.1124690882115527E-002   5.1113807499154083E-002
   36.522366666666642        0.0000000000000000        0.0000000000000000     
   37.122733333333308        0.0000000000000000        0.0000000000000000     
   37.723099999999974        0.0000000000000000        0.0000000000000000     
   38.323466666666640        0.0000000000000000        0.0000000000000000     
   38.923833333333306        3.3928474132626608E-004   3.3926629542192072E-004
   39.524199999999972        0.0000000000000000        0.0000000000000000     
   40.124566666666638        0.0000000000000000        0.0000000000000000     
   40.724933333333304        0.0000000000000000        0.0000000000000000     
   41.325299999999970        0.0000000000000000        0.0000000000000000     
   41.925666666666636        0.0000000000000000        0.0000000000000000     
   42.526033333333302        0.0000000000000000        0.0000000000000000     
   43.126399999999968        0.0000000000000000        0.0000000000000000     
   43.726766666666634        0.0000000000000000        0.0000000000000000     
   44.327133333333300        0.0000000000000000        0.0000000000000000     
   44.927499999999966        0.0000000000000000        0.0000000000000000     
   45.527866666666633        0.0000000000000000        0.0000000000000000     
   46.128233333333299        0.0000000000000000        0.0000000000000000     
   46.728599999999965        0.0000000000000000        0.0000000000000000     
   47.328966666666631        0.0000000000000000        0.0000000000000000     
   47.929333333333297        0.0000000000000000        0.0000000000000000     
   48.529699999999963        0.0000000000000000        0.0000000000000000     
   49.130066666666629        0.0000000000000000        0.0000000000000000     
   49.730433333333295        0.0000000000000000        0.0000000000000000     
   50.330799999999961        0.0000000000000000        0.0000000000000000     
   50.931166666666627        0.0000000000000000        0.0000000000000000     
   51.531533333333293        0.0000000000000000        0.0000000000000000     
   52.131899999999959        0.0000000000000000        0.0000000000000000     
   52.732266666666625        0.0000000000000000        0.0000000000000000     
   53.332633333333291        0.0000000000000000        0.0000000000000000     
   53.932999999999957        0.0000000000000000        0.0000000000000000     
   54.533366666666623        0.0000000000000000        0.0000000000000000     
   55.133733333333289        0.0000000000000000        0.0000000000000000     
   55.734099999999955        0.0000000000000000        0.0000000000000000     
   56.334466666666621        0.0000000000000000        0.0000000000000000     
   56.934833333333287        0.0000000000000000        0.0000000000000000     
   57.535199999999953        0.0000000000000000        0.0000000000000000     
   58.135566666666620        8.8075393379047611E-004   8.8069456579244491E-004
   58.735933333333286        0.0000000000000000        0.0000000000000000     
   59.336299999999952        0.0000000000000000        0.0000000000000000     
   59.936666666666618        0.0000000000000000        0.0000000000000000     
   60.537033333333284        0.0000000000000000        0.0000000000000000     
   61.137399999999950        0.0000000000000000        0.0000000000000000     
   61.737766666666616        0.0000000000000000        0.0000000000000000     
   62.338133333333282        0.0000000000000000        0.0000000000000000     
   62.938499999999948        7.5443868889606060E-005   7.5439469701935624E-005
   63.538866666666614        0.0000000000000000        0.0000000000000000     
   64.139233333333280        0.0000000000000000        0.0000000000000000     
   64.739599999999953        0.0000000000000000        0.0000000000000000     
   65.339966666666626        0.0000000000000000        0.0000000000000000     
   65.940333333333299        0.0000000000000000        0.0000000000000000     
   66.540699999999973        0.0000000000000000        0.0000000000000000     
   67.141066666666646        0.0000000000000000        0.0000000000000000     
   67.741433333333319        0.0000000000000000        0.0000000000000000     
   68.341799999999992        0.0000000000000000        0.0000000000000000     
   68.942166666666665        0.0000000000000000        0.0000000000000000     
   69.542533333333338        0.0000000000000000        0.0000000000000000     
   70.142900000000012        2.8058603158461121E-004   2.8057019313625764E-004
   70.743266666666685        0.0000000000000000        0.0000000000000000     
   71.343633333333358        0.0000000000000000        0.0000000000000000     
   71.944000000000031        0.0000000000000000        0.0000000000000000     
   72.544366666666704        0.0000000000000000        0.0000000000000000     
   73.144733333333377        0.0000000000000000        0.0000000000000000     
   73.745100000000050        0.0000000000000000        0.0000000000000000     
   74.345466666666724        7.0387273975651638E-003   6.8472282169827004E-003
   74.945833333333397        0.0000000000000000        0.0000000000000000     
   75.546200000000070        0.0000000000000000        0.0000000000000000     
   76.146566666666743        0.0000000000000000        0.0000000000000000     
   76.746933333333416        0.0000000000000000        0.0000000000000000     
   77.347300000000089        0.0000000000000000        0.0000000000000000     
   77.947666666666763        0.0000000000000000        0.0000000000000000     
   78.548033333333436        0.0000000000000000        0.0000000000000000     
   79.148400000000109        0.0000000000000000        0.0000000000000000     
   79.748766666666782        0.0000000000000000        0.0000000000000000     
   80.349133333333455        0.0000000000000000        0.0000000000000000     
   80.949500000000128        0.0000000000000000        0.0000000000000000     
   81.549866666666802        0.0000000000000000        0.0000000000000000     
   82.150233333333475        0.0000000000000000        0.0000000000000000     
   82.750600000000148        0.0000000000000000        0.0000000000000000     
   83.350966666666821        0.0000000000000000        0.0000000000000000     
   83.951333333333494        0.0000000000000000        0.0000000000000000     
   84.551700000000167        0.0000000000000000        0.0000000000000000     
   85.152066666666840        0.0000000000000000        0.0000000000000000     
   85.752433333333514        0.0000000000000000        0.0000000000000000     
   86.352800000000187        0.0000000000000000        0.0000000000000000     
   86.953166666666860        0.0000000000000000        0.0000000000000000     
   87.553533333333533        0.0000000000000000        0.0000000000000000     
   88.153900000000206        0.0000000000000000        0.0000000000000000     
   88.754266666666879        0.0000000000000000        0.0000000000000000     
   89.354633333333553        0.0000000000000000        0.0000000000000000     
   89.955000000000226        0.0000000000000000        0.0000000000000000     
   90.555366666666899        0.0000000000000000        0.0000000000000000     
   91.155733333333572        0.0000000000000000        0.0000000000000000     
   91.756100000000245        0.0000000000000000        0.0000000000000000     
   92.356466666666918        0.0000000000000000        0.0000000000000000     
   92.956833333333591        0.0000000000000000        0.0000000000000000     
   93.557200000000265        0.0000000000000000        0.0000000000000000     
   94.157566666666938        0.0000000000000000        0.0000000000000000     
   94.757933333333611        0.0000000000000000        0.0000000000000000     
   95.358300000000284        0.0000000000000000        0.0000000000000000     
   95.958666666666957        0.0000000000000000        0.0000000000000000     
   96.559033333333630        0.0000000000000000        0.0000000000000000     
   97.159400000000304        0.0000000000000000        0.0000000000000000     
   97.759766666666977        0.0000000000000000        0.0000000000000000     
   98.360133333333650        0.0000000000000000        0.0000000000000000     
   98.960500000000323        0.0000000000000000        0.0000000000000000     
   99.560866666666996        0.0000000000000000        0.0000000000000000     
   100.16123333333367        0.0000000000000000        0.0000000000000000     
   100.76160000000034        0.0000000000000000        0.0000000000000000     
   101.36196666666702        0.0000000000000000        0.0000000000000000     
   101.96233333333369        0.0000000000000000        0.0000000000000000     
   102.56270000000036        0.0000000000000000        0.0000000000000000     
   103.16306666666704        0.0000000000000000        0.0000000000000000     
   103.76343333333371        0.0000000000000000        0.0000000000000000     
   104.36380000000038        0.0000000000000000        0.0000000000000000     
   104.96416666666705        0.0000000000000000        0.0000000000000000     
   105.56453333333373        0.0000000000000000        0.0000000000000000     
   106.16490000000040        0.0000000000000000        0.0000000000000000     
   106.76526666666707        0.0000000000000000        0.0000000000000000     
   107.36563333333375        0.0000000000000000        0.0000000000000000     
   107.96600000000042        0.0000000000000000        0.0000000000000000     
   108.56636666666709        0.0000000000000000        0.0000000000000000     
   109.16673333333377        0.0000000000000000        0.0000000000000000     
   109.76710000000044        1.1750187215103819E-003   1.1743369583421598E-003
   110.36746666666711        0.0000000000000000        0.0000000000000000     
   110.96783333333379        0.0000000000000000        0.0000000000000000     
   111.56820000000046        0.0000000000000000        0.0000000000000000     
   112.16856666666713        0.0000000000000000        0.0000000000000000     
   112.76893333333381        0.0000000000000000        0.0000000000000000     
   113.36930000000048        0.0000000000000000        0.0000000000000000     
   113.96966666666715        0.0000000000000000        0.0000000000000000     
   114.57003333333382        0.0000000000000000        0.0000000000000000     
   115.17040000000050        0.0000000000000000        0.0000000000000000     
   115.77076666666717        0.0000000000000000        0.0000000000000000     
   116.37113333333384        0.0000000000000000        0.0000000000000000     
   116.97150000000052        0.0000000000000000        0.0000000000000000     
   117.57186666666719        0.0000000000000000        0.0000000000000000     
   118.17223333333386        0.0000000000000000        0.0000000000000000     
   118.77260000000054        0.0000000000000000        0.0000000000000000     
   119.37296666666721        0.0000000000000000        0.0000000000000000     
   119.97333333333388        0.0000000000000000        0.0000000000000000     
   120.57370000000056        0.0000000000000000        0.0000000000000000     
   121.17406666666723        0.0000000000000000        0.0000000000000000     
   121.77443333333390        0.0000000000000000        0.0000000000000000     
   122.37480000000058        0.0000000000000000        0.0000000000000000     
   122.97516666666725        0.0000000000000000        0.0000000000000000     
   123.57553333333392        0.0000000000000000        0.0000000000000000     
   124.17590000000060        0.0000000000000000        0.0000000000000000     
   124.77626666666727        0.0000000000000000        0.0000000000000000     
   125.37663333333394        0.0000000000000000        0.0000000000000000     
   125.97700000000061        0.0000000000000000        0.0000000000000000     
   126.57736666666729        0.0000000000000000        0.0000000000000000     
   127.17773333333396        0.0000000000000000        0.0000000000000000     
   127.77810000000063        0.0000000000000000        0.0000000000000000     
   128.37846666666729        0.0000000000000000        0.0000000000000000     
   128.97883333333397        0.0000000000000000        0.0000000000000000     
   129.57920000000064        0.0000000000000000        0.0000000000000000     
   130.17956666666731        0.0000000000000000        0.0000000000000000     
   130.77993333333399        0.0000000000000000        0.0000000000000000     
   131.38030000000066        0.0000000000000000        0.0000000000000000     
   131.98066666666733        0.0000000000000000        0.0000000000000000     
   132.58103333333401        0.0000000000000000        0.0000000000000000     
   133.18140000000068        0.0000000000000000        0.0000000000000000     
   133.78176666666735        0.0000000000000000        0.0000000000000000     
   134.38213333333402        0.0000000000000000        0.0000000000000000     
   134.98250000000070        0.0000000000000000        0.0000000000000000     
   135.58286666666737        0.0000000000000000        0.0000000000000000     
   136.18323333333404        0.0000000000000000        0.0000000000000000     
   136.78360000000072        0.0000000000000000        0.0000000000000000     
   137.38396666666739        0.0000000000000000        0.0000000000000000     
   137.98433333333406        0.0000000000000000        0.0000000000000000     
   138.58470000000074        0.0000000000000000        0.0000000000000000     
   139.18506666666741        0.0000000000000000        0.0000000000000000     
   139.78543333333408        0.0000000000000000        0.0000000000000000     
   140.38580000000076        0.0000000000000000        0.0000000000000000     
   140.98616666666743        0.0000000000000000        0.0000000000000000     
   141.58653333333410        0.0000000000000000        0.0000000000000000     
   142.18690000000078        0.0000000000000000        0.0000000000000000     
   142.78726666666745        0.0000000000000000        0.0000000000000000     
   143.38763333333412        0.0000000000000000        0.0000000000000000     
   143.98800000000080        0.0000000000000000        0.0000000000000000     
   144.58836666666747        0.0000000000000000        0.0000000000000000     
   145.18873333333414        0.0000000000000000        0.0000000000000000     
   145.78910000000081        0.0000000000000000        0.0000000000000000     
   146.38946666666749        0.0000000000000000        0.0000000000000000     
   146.98983333333416        0.0000000000000000        0.0000000000000000     
   147.59020000000083        0.0000000000000000        0.0000000000000000     
   148.19056666666751        0.0000000000000000        0.0000000000000000     
   148.79093333333418        0.0000000000000000        0.0000000000000000     
   149.39130000000085        0.0000000000000000        0.0000000000000000     
   149.99166666666753        0.0000000000000000        0.0000000000000000     
   150.59203333333420        0.0000000000000000        0.0000000000000000     
   151.19240000000087        0.0000000000000000        0.0000000000000000     
   151.79276666666755        0.0000000000000000        0.0000000000000000     
   152.39313333333422        0.0000000000000000        0.0000000000000000     
   152.99350000000089        0.0000000000000000        0.0000000000000000     
   153.59386666666757        0.0000000000000000        0.0000000000000000     
   154.19423333333424        0.0000000000000000        0.0000000000000000     
   154.79460000000091        0.0000000000000000        0.0000000000000000     
   155.39496666666759        0.0000000000000000        0.0000000000000000     
   155.99533333333426        0.0000000000000000        0.0000000000000000     
   156.59570000000093        0.0000000000000000        0.0000000000000000     
   157.19606666666760        0.0000000000000000        0.0000000000000000     
   157.79643333333428        0.0000000000000000        0.0000000000000000     
   158.39680000000095        0.0000000000000000        0.0000000000000000     
   158.99716666666762        0.0000000000000000        0.0000000000000000     
   159.59753333333430        0.0000000000000000        0.0000000000000000     
   160.19790000000097        0.0000000000000000        0.0000000000000000     
   160.79826666666764        0.0000000000000000        0.0000000000000000     
   161.39863333333432        0.0000000000000000        0.0000000000000000     
   161.99900000000099        0.0000000000000000        0.0000000000000000     
   162.59936666666766        0.0000000000000000        0.0000000000000000     
   163.19973333333434        0.0000000000000000        0.0000000000000000     
   163.80010000000101        0.0000000000000000        0.0000000000000000     
   164.40046666666768        0.0000000000000000        0.0000000000000000     
   165.00083333333436        0.0000000000000000        0.0000000000000000     
   165.60120000000103        0.0000000000000000        0.0000000000000000     
   166.20156666666770        0.0000000000000000        0.0000000000000000     
   166.80193333333438        0.0000000000000000        0.0000000000000000     
   167.40230000000105        0.0000000000000000        0.0000000000000000     
   168.00266666666772        0.0000000000000000        0.0000000000000000     
   168.60303333333439        0.0000000000000000        0.0000000000000000     
   169.20340000000107        0.0000000000000000        0.0000000000000000     
   169.80376666666774        0.0000000000000000        0.0000000000000000     
   170.40413333333441        0.0000000000000000        0.0000000000000000     
   171.00450000000109        0.0000000000000000        0.0000000000000000     
   171.60486666666776        0.0000000000000000        0.0000000000000000     
   172.20523333333443        0.0000000000000000        0.0000000000000000     
   172.80560000000111        0.0000000000000000        0.0000000000000000     
   173.40596666666778        0.0000000000000000        0.0000000000000000     
   174.00633333333445        0.0000000000000000        0.0000000000000000     
   174.60670000000113        0.0000000000000000        0.0000000000000000     
   175.20706666666780        0.0000000000000000        0.0000000000000000     
   175.80743333333447        0.0000000000000000        0.0000000000000000     
   176.40780000000115        0.0000000000000000        0.0000000000000000     
   177.00816666666782        0.0000000000000000        0.0000000000000000     
   177.60853333333449        0.0000000000000000        0.0000000000000000     
   178.20890000000117        0.0000000000000000        0.0000000000000000     
   178.80926666666784        0.0000000000000000        0.0000000000000000     
   179.40963333333451        0.0000000000000000        0.0000000000000000     
