 -0.99999847691328769        196.04115850787929        61.438809985610575     
 -0.99333182040053247        262.57012103812986        64.527577603636871     
 -0.98666516388777725        240.41193807891113        60.273520561191170     
 -0.97999850737502203        164.33147687810094        41.907617358270393     
 -0.97333185086226681        338.91078301247938        74.643295782887805     
 -0.96666519434951159        227.59362143344831        58.154114281965185     
 -0.95999853783675637        475.73728230134429        139.59471318886978     
 -0.95333188132400115        270.55819069040024        66.046913790602957     
 -0.94666522481124593        231.24338387356613        53.229789899997002     
 -0.93999856829849071        267.44557774639884        72.861235031573685     
 -0.93333191178573549        215.97829947768946        57.562068712704509     
 -0.92666525527298027        297.10812862197923        71.360158332827510     
 -0.91999859876022505        171.82001763356874        53.889528475178047     
 -0.91333194224746983        205.23247409376367        58.729937528530741     
 -0.90666528573471461        253.90956424187354        72.349381007317774     
 -0.89999862922195939        155.09013500434645        53.798120439364169     
 -0.89333197270920417        252.21285538514940        74.528169817831483     
 -0.88666531619644895        198.37441084046171        58.544732769165712     
 -0.87999865968369373        344.33555907159615        95.178272839508409     
 -0.87333200317093851        451.81045873280459        246.25627642626472     
 -0.86666534665818329        308.38103791927199        74.287534144009669     
 -0.85999869014542807        240.09087262379973        58.288375482654494     
 -0.85333203363267285        352.71455728730677        128.00970527708077     
 -0.84666537711991763        184.73042709136595        53.746651474203148     
 -0.83999872060716241        206.38031783935196        54.052878743304738     
 -0.83333206409440719        290.36325941959444        81.197602995937984     
 -0.82666540758165197        231.64671353466284        67.618199165685979     
 -0.81999875106889675        468.07383165235433        101.92571023670398     
 -0.81333209455614153        200.24872070288012        51.067030379717458     
 -0.80666543804338631        210.55769312244465        52.926617516129944     
 -0.79999878153063109        264.96334209971451        83.928414529402758     
 -0.79333212501787587        376.73722437609035        91.098250340579085     
 -0.78666546850512065        192.01614001732500        51.324456321792816     
 -0.77999881199236543        558.45771068785643        218.82884574580552     
 -0.77333215547961021        287.38882531139188        80.039041972441026     
 -0.76666549896685499        264.52332446760789        71.778392844986030     
 -0.75999884245409977        220.53823207748241        58.855590826243358     
 -0.75333218594134455        334.18362307653814        81.444093523365453     
 -0.74666552942858933        197.48893368797934        63.197149086127567     
 -0.73999887291583410        353.95185165457724        88.883978160403927     
 -0.73333221640307888        618.02898976594838        214.95343377550833     
 -0.72666555989032366        208.61924090483771        61.217797757978722     
 -0.71999890337756844        311.61324772672873        150.03560585781543     
 -0.71333224686481322        222.18572567712164        62.425685797554706     
 -0.70666559035205800        253.83305381762642        112.04543344424305     
 -0.69999893383930278        240.33565889440399        61.031676101295005     
 -0.69333227732654756        195.07751428327791        64.194314231483432     
 -0.68666562081379234        352.86950947943518        87.985679079518576     
 -0.67999896430103712        254.58582131086729        73.447390275156522     
 -0.67333230778828190        242.61936962766148        59.387291373486399     
 -0.66666565127552668        285.38743342411288        84.840241637349365     
 -0.65999899476277146        245.32789716694268        76.974065879208680     
 -0.65333233825001624        297.63517390820874        123.05230140877848     
 -0.64666568173726102        452.10212150265954        283.33912846637577     
 -0.63999902522450580        333.32757562063352        77.072010720266633     
 -0.63333236871175058        155.38617782076298        34.818844479484873     
 -0.62666571219899536        174.46912389021449        57.657822505801306     
 -0.61999905568624014        137.97088116565430        39.312529718453881     
 -0.61333239917348492        264.27732277519749        77.795819853298440     
 -0.60666574266072970        238.59974407186405        65.090948641487273     
 -0.59999908614797448        580.87809469311412        198.85772241377316     
 -0.59333242963521926        191.45733207529361        61.591425470214531     
 -0.58666577312246404        238.12447222181936        65.852029258325203     
 -0.57999911660970882        182.66091444489550        59.459566583536763     
 -0.57333246009695360        307.02286107049525        95.203798505346668     
 -0.56666580358419838        323.96509062470261        116.46363427914910     
 -0.55999914707144316        180.57791235169208        65.102957758375126     
 -0.55333249055868794        539.68653532950952        225.82126585848607     
 -0.54666583404593272        141.38514194661701        57.157934718740073     
 -0.53999917753317750        260.11166413839902        95.972227338404068     
 -0.53333252102042228        286.05795566824634        85.714704737418614     
 -0.52666586450766706        273.16506961716101        88.761201364035841     
 -0.51999920799491184        232.52488158294082        66.538924014621543     
 -0.51333255148215662        253.68328984545806        71.998663530281775     
 -0.50666589496940140        661.06708206370058        464.33661481245161     
 -0.49999923845664612        280.60318156198070        83.954644667567123     
 -0.49333258194389085        755.72748355332840        592.65171182686311     
 -0.48666592543113557        238.57539603778210        71.067084162062898     
 -0.47999926891838030        139.83434943611056        45.326715072802060     
 -0.47333261240562502        296.98455311484554        87.296183077068463     
 -0.46666595589286974        412.56011154233005        176.82603339640650     
 -0.45999929938011447        268.06017257456233        88.941838730970076     
 -0.45333264286735919        304.49714462644812        93.821069145300200     
 -0.44666598635460392        333.23997040114466        91.973894934201510     
 -0.43999932984184864        209.83702058196099        58.244847347538574     
 -0.43333267332909337        337.61023112627731        95.231334450893726     
 -0.42666601681633809        274.04429339056099        89.506332494258572     
 -0.41999936030358281        308.08887220689223        76.440667216203622     
 -0.41333270379082754        182.87264962241835        68.655566528382650     
 -0.40666604727807226        245.61521931447658        107.50052576746502     
 -0.39999939076531699        308.35992287089095        96.864203271075965     
 -0.39333273425256171        187.61407363384208        60.713272068988374     
 -0.38666607773980644        371.76365480431349        105.25528794257622     
 -0.37999942122705116        177.85630835179586        62.258254940468646     
 -0.37333276471429588        236.51008506203729        97.045158337095884     
 -0.36666610820154061        358.60562355239074        106.09979161051457     
 -0.35999945168878533        355.91831236177666        112.85204449339561     
 -0.35333279517603006        309.21207819672946        85.944305518854776     
 -0.34666613866327478        144.53239688664317        55.060149122325129     
 -0.33999948215051951        195.59889255078042        81.290870487641243     
 -0.33333282563776423        500.02849258269026        244.88680615720747     
 -0.32666616912500895        246.08523756361052        81.791854033918497     
 -0.31999951261225368        153.15329187663346        56.268598128655320     
 -0.31333285609949840        221.14617935481888        63.273554555676881     
 -0.30666619958674313        315.19412493558616        122.67191402598465     
 -0.29999954307398785        268.70544270808102        74.654633322004301     
 -0.29333288656123258        198.40474169365118        59.426229865446004     
 -0.28666623004847730        305.70363317964410        123.01856809174507     
 -0.27999957353572202        295.55492014100173        95.313628364914692     
 -0.27333291702296675        321.87978101347562        94.743213783848290     
 -0.26666626051021147        275.95572991932175        145.16408642494520     
 -0.25999960399745620        263.04169639617282        95.984832980902482     
 -0.25333294748470092        248.18391495613184        81.560856900534191     
 -0.24666629097194567        148.70358336362474        72.848908380489519     
 -0.23999963445919043        203.21030848049645        84.808549460159824     
 -0.23333297794643518        291.06957760122668        87.630203332929483     
 -0.22666632143367993        190.46269869480872        71.897213321836915     
 -0.21999966492092468        101.50842265358514        34.820311430208648     
 -0.21333300840816943        171.84909852667920        63.765976751198622     
 -0.20666635189541419        236.06826515194354        72.932579130939700     
 -0.19999969538265894        354.07697611145562        101.54504529826966     
 -0.19333303886990369        196.23209290006989        65.041139884489766     
 -0.18666638235714844        197.67016251097991        65.308754920834389     
 -0.17999972584439319        202.13239901623450        64.869022737182661     
 -0.17333306933163795        213.61930025395003        71.156116024127130     
 -0.16666641281888270        371.77536323160837        117.52384954199108     
 -0.15999975630612745        77.375122877691211        25.902456909797415     
 -0.15333309979337220        97.330139026753216        30.496265017563374     
 -0.14666644328061695        225.82551362440370        87.302488521998058     
 -0.13999978676786171        145.02557378891447        64.243771800962975     
 -0.13333313025510646        152.10012556572860        56.857364157400752     
 -0.12666647374235121        219.46265143529433        79.360055799473415     
 -0.11999981722959596        338.48323828963186        112.80867881665186     
 -0.11333316071684071        314.44066362402407        95.329650931896069     
 -0.10666650420408547        279.91969879270886        95.595795616215739     
  -9.9999847691330218E-002   310.27233667419154        91.609257286161750     
  -9.3333191178574970E-002   249.50851786788809        84.727987016976186     
  -8.6666534665819722E-002   486.29441652892206        228.83731628396487     
  -7.9999878153064474E-002   1106.3525425408704        626.39582564643138     
  -7.3333221640309226E-002   165.21794644448519        53.653072722703868     
  -6.6666565127553978E-002   181.56785372684772        70.157169972569989     
  -5.9999908614798730E-002   306.10699172601181        86.327407186769221     
  -5.3333252102043482E-002   144.13290423300262        61.278289808170655     
  -4.6666595589288234E-002   432.65371404634931        224.98989353079116     
  -3.9999939076532987E-002   163.29319011502758        61.668471576307262     
  -3.3333282563777739E-002   276.20638826424772        96.664014976170677     
  -2.6666626051022487E-002   261.15489470343010        85.084745621116966     
  -1.9999969538267236E-002   254.63363023712444        88.051309527675869     
  -1.3333313025511984E-002   254.67652270584762        96.305695262541292     
  -6.6666565127567329E-003   174.46246851161013        56.778425708807298     
  -1.4814538484841933E-015   171.68718660904199        52.855021988239386     
   6.6666565127537700E-003   180.03626115207283        71.414622831542971     
   1.3333313025509021E-002   521.14970325610432        146.57627674440153     
   1.9999969538264273E-002   332.99908776969841        120.93261102400254     
   2.6666626051019524E-002   334.89384474593140        125.06952221998014     
   3.3333282563774776E-002   542.59530568445359        290.49597010812766     
   3.9999939076530031E-002   174.50633163053882        68.313345651512179     
   4.6666595589285279E-002   113.33191553316527        38.484603434946678     
   5.3333252102040526E-002   275.92094634154040        88.252747937295211     
   5.9999908614795774E-002   231.22675959982649        79.589311732821841     
   6.6666565127551022E-002   143.63754209648715        56.311802227122762     
   7.3333221640306270E-002   257.74317602841347        86.529743309074291     
   7.9999878153061518E-002   162.30745281116552        55.514145670557689     
   8.6666534665816766E-002   134.81746635614144        54.791750948454414     
   9.3333191178572014E-002   209.32926258616516        60.475298314698421     
   9.9999847691327262E-002   280.70718395889742        75.148292942463485     
  0.10666650420408251        187.32761448065989        55.296172091954112     
  0.11333316071683776        124.48635623387290        46.091493840117600     
  0.11999981722959301        190.03300162383781        74.593749590539872     
  0.12666647374234827        396.00969587205668        170.75630500691423     
  0.13333313025510352        226.40222710795413        67.830289066034155     
  0.13999978676785876        320.42501301240259        108.34101674248845     
  0.14666644328061401        294.99026060163010        82.294520361307818     
  0.15333309979336926        458.32982865923572        227.47490004235306     
  0.15999975630612451        136.32852811346680        55.292014252804805     
  0.16666641281887976        188.89731620306023        81.197089416543363     
  0.17333306933163500        92.921382650908484        41.513596429469324     
  0.17999972584439025        203.64003747927134        69.116020469282759     
  0.18666638235714550        258.39021543321957        84.644282987519816     
  0.19333303886990075        160.05479466743421        52.086326506321917     
  0.19999969538265600        330.50802366723406        99.797402831086998     
  0.20666635189541124        138.58752200625219        49.984560576692836     
  0.21333300840816649        269.27017321819466        82.839101688097998     
  0.21999966492092174        362.80374232196738        105.48772780008753     
  0.22666632143367699        217.92729686641079        69.846247863712762     
  0.23333297794643224        241.42607600132536        87.516195094292911     
  0.23999963445918748        225.04331437394839        79.675903096117878     
  0.24666629097194273        210.12809211523341        79.268546522867140     
  0.25333294748469798        172.23965966749807        54.748680037781867     
  0.25999960399745325        274.86972228258912        82.199344976383998     
  0.26666626051020853        234.21724363042179        78.686923890637814     
  0.27333291702296381        226.57259381626579        69.124840864100648     
  0.27999957353571908        222.72701859241587        66.937987699718065     
  0.28666623004847436        455.01055660085370        156.26335201511699     
  0.29333288656122963        206.41400888443792        71.955853004502657     
  0.29999954307398491        330.48194733131868        124.57758268388029     
  0.30666619958674018        411.87261637531196        167.50328798159319     
  0.31333285609949546        132.28250016192737        43.295231777898572     
  0.31999951261225074        430.64115083010608        173.03187965900298     
  0.32666616912500601        144.57521848604014        51.073078609845730     
  0.33333282563776129        197.47576753908160        68.370158517780993     
  0.33999948215051656        253.50891582121380        110.91940790591771     
  0.34666613866327184        150.08320374427723        58.780853486776785     
  0.35333279517602711        440.67027302980347        170.84274482164003     
  0.35999945168878239        473.45433514430431        142.95495749408187     
  0.36666610820153767        141.89341137955722        59.046276602140367     
  0.37333276471429294        373.35242266090620        100.48164967499844     
  0.37999942122704822        167.68159131394916        48.999967304867262     
  0.38666607773980349        178.44574411777367        59.460644750807624     
  0.39333273425255877        272.92916190471641        91.957894479930019     
  0.39999939076531404        164.54711402516665        45.530075675785717     
  0.40666604727806932        387.70870189747137        117.84856099182657     
  0.41333270379082460        229.34085815309544        78.221534620159829     
  0.41999936030357987        275.98348553403690        87.237540485746507     
  0.42666601681633515        231.68378083119126        103.38013233609527     
  0.43333267332909042        330.49483780760761        119.05630324743042     
  0.43999932984184570        231.54111734024215        77.193413783019110     
  0.44666598635460097        401.68938557293410        116.81125872612263     
  0.45333264286735625        291.50705373488768        92.317433609023311     
  0.45999929938011153        102.80807254033516        32.121444599004604     
  0.46666595589286680        371.46935569935181        106.30398180998633     
  0.47333261240562208        203.69253447101698        62.654870179081634     
  0.47999926891837735        185.60246073946234        59.997744658067134     
  0.48666592543113263        192.12538179779349        69.612143814117218     
  0.49333258194388790        223.79437424680367        73.338352634915907     
  0.49999923845664318        134.47857642916441        47.546878325961146     
  0.50666589496939840        402.80356595919005        160.89548708444002     
  0.51333255148215362        239.28682007125090        85.026608185162019     
  0.51999920799490884        258.48072103898244        71.667060789810293     
  0.52666586450766406        222.72433872859528        70.235914813088385     
  0.53333252102041928        317.25508801280444        96.443410111637320     
  0.53999917753317450        157.97909229476954        53.979354336541817     
  0.54666583404592972        606.27548063465429        418.72729005784890     
  0.55333249055868494        326.70183162589376        90.398056253380531     
  0.55999914707144016        240.65914994365036        62.879803333644617     
  0.56666580358419538        231.91420382468752        63.855368996100601     
  0.57333246009695060        207.44024251771091        58.798993392373710     
  0.57999911660970582        431.57318151338819        139.51723936952814     
  0.58666577312246104        531.91321577114320        123.26306523051193     
  0.59333242963521626        302.96316549092859        78.335790121527410     
  0.59999908614797148        257.59683222925224        78.901703912327903     
  0.60666574266072670        250.44868513857799        86.720979719126788     
  0.61333239917348192        271.65166552333937        67.466698591462489     
  0.61999905568623714        209.27783634934565        51.054963005752889     
  0.62666571219899236        273.89350724057738        78.784382609545005     
  0.63333236871174758        212.67920194967394        74.456763708782489     
  0.63999902522450280        481.59573710574648        337.73145653104189     
  0.64666568173725802        208.09570829714218        66.457429576055006     
  0.65333233825001324        129.65843678973715        51.735095794847737     
  0.65999899476276846        1002.4594611097348        633.92362153645649     
  0.66666565127552369        153.99583687398976        48.158249037468153     
  0.67333230778827891        218.20360329860375        76.539832991986330     
  0.67999896430103413        335.10779737501622        163.07967390955201     
  0.68666562081378935        180.96935392242111        52.199206195378864     
  0.69333227732654457        169.79469504030052        50.522693845704275     
  0.69999893383929979        227.57630178519634        76.104525882563749     
  0.70666559035205501        464.59194541378935        149.41914199303451     
  0.71333224686481023        218.76819187486157        55.872872905135019     
  0.71999890337756545        219.58503381253146        112.73092937032544     
  0.72666555989032067        224.43785052002258        58.218729037284362     
  0.73333221640307589        188.27885468207842        47.313082738734408     
  0.73999887291583111        137.38914066152063        34.835201683338369     
  0.74666552942858633        247.38406272679367        66.449452192413844     
  0.75333218594134155        376.24077787701395        87.488161891637205     
  0.75999884245409677        228.17916514652060        81.385389518102585     
  0.76666549896685199        226.41339090918260        72.419335350264689     
  0.77333215547960721        220.39840858380666        56.375547976983611     
  0.77999881199236243        283.47225397766186        101.76309610060092     
  0.78666546850511765        428.30966929798484        116.03272842158121     
  0.79333212501787287        204.26669459994238        56.662898005734625     
  0.79999878153062809        282.26707588844027        70.876567979618144     
  0.80666543804338331        308.47428256105547        122.74210490955679     
  0.81333209455613853        284.62398177347524        77.233619160604349     
  0.81999875106889375        270.98256046576216        64.859778877789665     
  0.82666540758164897        353.01962754906089        89.607051191812275     
  0.83333206409440419        186.70845427938696        87.815740958555139     
  0.83999872060715941        202.58003227020095        65.573151024109677     
  0.84666537711991463        289.01778791339024        106.89669523779581     
  0.85333203363266985        206.49984545972404        61.247743047457412     
  0.85999869014542507        166.57602849421767        48.134476732200291     
  0.86666534665818029        1235.0272690519982        897.51775210091910     
  0.87333200317093551        216.22815604442653        66.314594578309908     
  0.87999865968369073        238.31986147503923        79.351942629621547     
  0.88666531619644595        186.28321828657084        52.931031384670042     
  0.89333197270920117        134.87699357984610        45.713189768839413     
  0.89999862922195639        301.57435826727192        83.447965634974636     
  0.90666528573471161        255.41351537683485        64.220931815681752     
  0.91333194224746683        205.00004057557621        55.005292791693670     
  0.91999859876022205        239.75683224827571        65.554518007196066     
  0.92666525527297727        193.97688581813480        60.780561087092735     
  0.93333191178573249        323.84748304210098        96.489686264977081     
  0.93999856829848771        233.19557529641278        54.015859171810668     
  0.94666522481124293        190.12600413223043        52.725999094474943     
  0.95333188132399815        244.83767176151690        63.497137023986369     
  0.95999853783675337        335.51789695276619        79.313049142023402     
  0.96666519434950859        157.79799680222527        47.245305983478573     
  0.97333185086226381        282.71391619849783        81.802279612284750     
  0.97999850737501903        266.95810820045347        55.597588663724991     
  0.98666516388777425        192.52447463814670        53.405459392848478     
  0.99333182040052947        722.97006915100735        524.65791340267299     
