   4.4654768830562498E-002   4610.7338571827922        4206.2581748166085     
   4.4655732934460624E-002   3681.5553901436806        3242.3113969234932     
   4.4656697038358749E-002   12098.080092896098        5740.9622822622041     
   4.4657661142256874E-002   19304.849313705246        10839.953448158441     
   4.4658625246155000E-002   38245.418708986916        26153.472619776228     
   4.4659589350053125E-002   38665.095539216491        20897.400132043542     
   4.4660553453951250E-002   20352.741988410176        12077.848197628160     
   4.4661517557849376E-002   13657.970761452896        6598.5343235100136     
   4.4662481661747501E-002   6062.7932640054069        4191.6146105390162     
   4.4663445765645626E-002   23221.066570155333        17623.330539389750     
   4.4664409869543752E-002   56580.976630576246        40561.706517174920     
   4.4665373973441877E-002   40187.352722151940        17810.172666778566     
   4.4666338077340002E-002   448885.70821690880        309123.79911819083     
   4.4667302181238128E-002   44887.546991121562        21124.862434678857     
   4.4668266285136253E-002   66093.645407454504        51168.671968651688     
   4.4669230389034378E-002   313027.08356184280        212877.37286992490     
   4.4670194492932504E-002   113818.50912178935        60873.780649589426     
   4.4671158596830629E-002   1309.9553525204431        657.49275686298893     
   4.4672122700728754E-002   30114.398036173163        14912.763788962799     
   4.4673086804626880E-002   129912.20776835343        74291.940261663301     
   4.4674050908525005E-002   51779.412534094809        26666.429381122423     
   4.4675015012423130E-002   201640.46820410751        169395.05604753844     
   4.4675979116321256E-002   143674.11476155050        90711.895331781183     
   4.4676943220219381E-002   4622.4319845502559        2600.5704765197406     
   4.4677907324117506E-002   51737.078724509774        34746.775850733422     
   4.4678871428015632E-002   107344.02597482516        50262.979625719941     
   4.4679835531913757E-002   116783.86273397111        86177.083161458562     
   4.4680799635811883E-002   73879.220871349971        32701.959409082614     
   4.4681763739710008E-002   239124.66223025887        139206.35275628854     
   4.4682727843608133E-002   26337.709537679257        13335.081271362940     
   4.4683691947506259E-002   28890.301261157958        17581.875850895118     
   4.4684656051404384E-002   12394.909519134344        7647.5288569932663     
   4.4685620155302509E-002   7226.4387743548941        5837.9860295862391     
   4.4686584259200635E-002   122457.69547746460        73243.086100356828     
   4.4687548363098760E-002   11211.263054906882        6835.7759716267728     
   4.4688512466996885E-002   158865.85809864517        113284.33297194973     
   4.4689476570895011E-002   59345.012137786369        28071.454454524493     
   4.4690440674793136E-002   227969.06056420141        123057.49865666775     
   4.4691404778691261E-002   51780.811831591120        33506.600052893773     
   4.4692368882589387E-002   10856.210329003588        6407.3619363856033     
   4.4693332986487512E-002   173455.08970303065        93636.663694720468     
   4.4694297090385637E-002   30027.188401777337        15869.991238614957     
   4.4695261194283763E-002   41109.882075913403        24495.921459648598     
   4.4696225298181888E-002   44030.763158624890        20039.540250961883     
   4.4697189402080013E-002   680984.21973504056        620702.97251692158     
   4.4698153505978139E-002   23642.602403838831        10744.327548698553     
   4.4699117609876264E-002   38348.988707570308        23420.040365952485     
   4.4700081713774389E-002   35341.266624749107        21052.186098629416     
   4.4701045817672515E-002   631003.31376922107        318951.00129344530     
   4.4702009921570640E-002   323247.47538094036        270934.08762365789     
   4.4702974025468765E-002   12454.113276233713        8401.7470050072025     
   4.4703938129366891E-002   68705.113291066271        32434.413941604074     
   4.4704902233265016E-002   37902.888970013671        16250.462883383592     
   4.4705866337163142E-002   145644.69213330586        100266.92773770499     
   4.4706830441061267E-002   160582.54108761222        101264.31823696909     
   4.4707794544959392E-002   89396.966545066098        53848.440906488264     
   4.4708758648857518E-002   51089.242860023849        27989.152481783207     
   4.4709722752755643E-002   500901.28469772445        258698.51226226008     
   4.4710686856653768E-002   65975.000950137372        30090.116612946185     
   4.4711650960551894E-002   42450.601916569023        28771.451299474225     
   4.4712615064450019E-002   1133308.3645816210        666279.01016304607     
   4.4713579168348144E-002   190424.44461514341        97412.370236989198     
   4.4714543272246270E-002   10943.031490529311        5820.7129371251995     
   4.4715507376144395E-002   128685.04203987113        62031.118905986019     
   4.4716471480042520E-002   435014.00850178034        325550.54812998156     
   4.4717435583940646E-002   257118.84841507953        184179.68045139310     
   4.4718399687838771E-002   118903.45167338304        64834.578735951123     
   4.4719363791736896E-002   208551.87773438697        128214.22981752256     
   4.4720327895635022E-002   14266.116423786136        9313.6420030836580     
   4.4721291999533147E-002   109843.11835278834        64567.166262199346     
   4.4722256103431272E-002   51416.679233138493        30111.907044362913     
   4.4723220207329398E-002   100488.47512668103        42501.649660236762     
   4.4724184311227523E-002   32377.368117064441        22426.316663908452     
   4.4725148415125648E-002   168419.42080988584        73262.939664480320     
   4.4726112519023774E-002   22477.100025425629        12302.651349446875     
   4.4727076622921899E-002   24269.060676667090        12023.778173760329     
   4.4728040726820024E-002   238709.59973716264        159453.55818510908     
   4.4729004830718150E-002   90834.042270132108        72779.527998744903     
   4.4729968934616275E-002   278108.91010239540        180428.74224421679     
   4.4730933038514401E-002   316136.69388344674        170896.45158739688     
   4.4731897142412526E-002   93784.693917993893        38292.842049876650     
   4.4732861246310651E-002   70860.260680977357        30733.728038397854     
   4.4733825350208777E-002   259323.06296316834        142013.34413536731     
   4.4734789454106902E-002   274935.97282675380        194249.06727024019     
   4.4735753558005027E-002   382243.78885289317        223052.08803873189     
   4.4736717661903153E-002   274783.93084441457        209606.53360301454     
   4.4737681765801278E-002   56417.333844785033        27331.605138861971     
   4.4738645869699403E-002   890911.21546719293        550961.59585968009     
   4.4739609973597529E-002   69630.636161406641        38472.290655849218     
   4.4740574077495654E-002   300006.12886690331        143058.57103569584     
   4.4741538181393779E-002   3889.9246271246611        2691.5731333702597     
   4.4742502285291905E-002   239073.26925989924        104242.66731385885     
   4.4743466389190030E-002   98057.933793948177        46207.749262631522     
   4.4744430493088155E-002   222939.17520778059        117316.15655673243     
   4.4745394596986281E-002   466326.87509851850        260919.27923143213     
   4.4746358700884406E-002   464295.32829995209        258915.28954105961     
   4.4747322804782531E-002   279122.63499581697        127275.25789093634     
   4.4748286908680657E-002   24174.069959577278        11641.347573331041     
   4.4749251012578782E-002   270711.52303252212        148447.33992966329     
   4.4750215116476907E-002   182591.72618755416        141114.80689529126     
   4.4751179220375033E-002   380690.67269797361        230674.87488979861     
   4.4752143324273158E-002   243888.44208069291        213620.97106429201     
   4.4753107428171283E-002   53920.064151113649        35978.443110134074     
   4.4754071532069409E-002   613109.17126612656        269334.27333483408     
   4.4755035635967534E-002   116310.32576539920        81658.874249991641     
   4.4755999739865659E-002   712740.47553740209        470131.33761523489     
   4.4756963843763785E-002   7767.7378242185732        3276.1848371392944     
   4.4757927947661910E-002   283471.21805042238        173579.12460561737     
   4.4758892051560036E-002   60568.142256428691        25922.683492259705     
   4.4759856155458161E-002   347818.85542586417        179602.67907302390     
   4.4760820259356286E-002   56250.977736857320        26943.959034703523     
   4.4761784363254412E-002   179525.14605643266        113307.41616234458     
   4.4762748467152537E-002   299059.67425541970        200865.05452632799     
   4.4763712571050662E-002   228438.66477797308        149777.86274151821     
   4.4764676674948788E-002   378860.85747884167        217688.45973375029     
   4.4765640778846913E-002   232349.74584852633        109066.27912496010     
   4.4766604882745038E-002   476777.28627711872        286507.73398345849     
   4.4767568986643164E-002   249098.13360036715        161742.07796190065     
   4.4768533090541289E-002   426662.58198491141        239653.18389899834     
   4.4769497194439414E-002   228045.84542794689        116102.21887779047     
   4.4770461298337540E-002   84259.218395465257        48790.338239007549     
   4.4771425402235665E-002   296125.31623895536        114913.60430710552     
   4.4772389506133790E-002   154033.00658796469        81570.824817093569     
   4.4773353610031916E-002   370025.59901454474        213098.39210555496     
   4.4774317713930041E-002   213717.40699674489        199086.41987107953     
   4.4775281817828166E-002   208660.92849516019        96242.854726021251     
   4.4776245921726292E-002   959761.39941768115        504296.81786413980     
   4.4777210025624417E-002   398837.98555643362        204286.11845791942     
   4.4778174129522542E-002   294144.12793540180        150203.63534573055     
   4.4779138233420668E-002   70115.205020367124        35601.883950421943     
   4.4780102337318793E-002   607410.12995622377        328973.14429761190     
   4.4781066441216918E-002   310740.94951296458        161069.95109481129     
   4.4782030545115044E-002   57666.036558301792        31773.945279705014     
   4.4782994649013169E-002   724894.54387308052        394883.16319090995     
   4.4783958752911295E-002   155976.82113607592        60388.961117983687     
   4.4784922856809420E-002   506841.18575924088        226857.68972040000     
   4.4785886960707545E-002   248150.28544492758        103644.40761818064     
   4.4786851064605671E-002   32430.312153927007        15292.990302617685     
   4.4787815168503796E-002   640744.48540567246        317097.83614073467     
   4.4788779272401921E-002   281587.21425992349        164254.28229408822     
   4.4789743376300047E-002   304856.52161028254        169016.71302595441     
   4.4790707480198172E-002   403606.51400843065        219101.62054205529     
   4.4791671584096297E-002   344937.60600684793        163771.15148672287     
   4.4792635687994423E-002   1050114.3383794678        482514.49358456128     
   4.4793599791892548E-002   222866.19571465885        145133.51789619026     
   4.4794563895790673E-002   141675.47875231688        116236.45127302902     
   4.4795527999688799E-002   311970.21107288671        120169.84038701178     
   4.4796492103586924E-002   755530.72899625218        370554.35993099684     
   4.4797456207485049E-002   467857.62506553624        301786.10576624348     
   4.4798420311383175E-002   547814.26734232157        397646.41544976318     
   4.4799384415281300E-002   366661.36902728421        183444.63940890538     
   4.4800348519179425E-002   363025.03332796064        246235.85216360327     
   4.4801312623077551E-002   409209.11650431284        227358.84053010118     
   4.4802276726975676E-002   903780.31930785847        497879.00940126501     
   4.4803240830873801E-002   355566.22751540958        221426.53158753389     
   4.4804204934771927E-002   437156.81645931577        209416.42118182019     
   4.4805169038670052E-002   527016.65343323420        318179.70893437666     
   4.4806133142568177E-002   243972.09166077065        120299.43044803738     
   4.4807097246466303E-002   452793.73828663910        253180.18624945893     
   4.4808061350364428E-002   377311.11272849987        118752.34299783532     
   4.4809025454262554E-002   427009.76627877448        196388.12858063969     
   4.4809989558160679E-002   130402.64063044886        50594.789083192816     
   4.4810953662058804E-002   243613.50800641216        101706.24796931459     
   4.4811917765956930E-002   550673.01658666332        241859.81993432940     
   4.4812881869855055E-002   517353.62532267411        263858.01792021556     
   4.4813845973753180E-002   339689.98600814363        190134.78945827967     
   4.4814810077651306E-002   247173.79520524479        105592.36223826057     
   4.4815774181549431E-002   346873.93332923012        144755.97223119222     
   4.4816738285447556E-002   405745.40682780195        197625.65186171839     
   4.4817702389345682E-002   821156.52928460471        333456.98827273533     
   4.4818666493243807E-002   398590.84085291746        169775.63305438327     
   4.4819630597141932E-002   327626.94176337711        187238.87373574005     
   4.4820594701040058E-002   356207.81281893706        150740.76991000187     
   4.4821558804938183E-002   631596.24586023204        341364.41732910741     
   4.4822522908836308E-002   99084.488319503434        46101.450977739907     
   4.4823487012734434E-002   735830.51866681653        351179.75119971676     
   4.4824451116632559E-002   1015812.5724175711        455992.68717208272     
   4.4825415220530684E-002   456228.34309642494        271857.57676747435     
   4.4826379324428810E-002   728284.58222728432        291782.65984189726     
   4.4827343428326935E-002   504292.51160004269        329818.18455372372     
   4.4828307532225060E-002   624757.22652713372        278137.74027391395     
   4.4829271636123186E-002   618932.38533465692        290559.03043328814     
   4.4830235740021311E-002   868794.20734556904        324937.03040909639     
   4.4831199843919436E-002   267447.20285813627        153874.14224833649     
   4.4832163947817562E-002   341587.34628131177        179719.53417062879     
   4.4833128051715687E-002   397594.22829419520        161302.10762271093     
   4.4834092155613813E-002   1009585.9378012416        381191.00993188313     
   4.4835056259511938E-002   513595.64788053406        163767.62448103941     
   4.4836020363410063E-002   622275.05169928097        290118.55674333265     
   4.4836984467308189E-002   1095178.1005877152        773577.14230505389     
   4.4837948571206314E-002   887808.92578160355        395121.21055897558     
   4.4838912675104439E-002   472595.14962230757        265747.61977386120     
   4.4839876779002565E-002   175288.88704890886        69738.017229027537     
   4.4840840882900690E-002   243773.48304827823        164527.05163919000     
   4.4841804986798815E-002   1462085.6169609278        496374.41190207173     
   4.4842769090696941E-002   422404.68284104700        225253.45884427760     
   4.4843733194595066E-002   414415.71090088884        276487.95874985243     
   4.4844697298493191E-002   892649.74275260372        349405.30054048711     
   4.4845661402391317E-002   142292.13207712432        59378.748597264181     
   4.4846625506289442E-002   932487.84523786977        297494.95104815991     
   4.4847589610187567E-002   612215.17274141475        248487.21399528958     
   4.4848553714085693E-002   821159.62166371907        432053.58208204852     
   4.4849517817983818E-002   572619.61391945241        226942.31652817712     
   4.4850481921881943E-002   894018.18111819401        350168.37062036025     
   4.4851446025780069E-002   699860.26236507855        300763.57716420630     
   4.4852410129678194E-002   550556.95026251371        319890.86103698367     
   4.4853374233576319E-002   771932.85580406361        287181.91560020385     
   4.4854338337474445E-002   766107.97974212083        265747.24360866193     
   4.4855302441372570E-002   736613.19512835646        335150.17606702109     
   4.4856266545270695E-002   729255.80399548775        284156.05931198422     
   4.4857230649168821E-002   674890.22354395047        313930.20453335549     
   4.4858194753066946E-002   973803.29553584475        372591.46283324284     
   4.4859158856965071E-002   582542.85066071223        285443.83519275236     
   4.4860122960863197E-002   363953.98451042746        159433.38298603552     
   4.4861087064761322E-002   1160906.0336068745        464982.61887060193     
   4.4862051168659448E-002   305641.14527065417        132772.40490015046     
   4.4863015272557573E-002   687404.28990887105        261908.01457200214     
   4.4863979376455698E-002   920523.14266517584        272708.85242463520     
   4.4864943480353824E-002   1330766.4938161795        421712.08557523298     
   4.4865907584251949E-002   1068819.3730954318        472169.16272432031     
   4.4866871688150074E-002   759812.67651580030        290253.47203812673     
   4.4867835792048200E-002   1181604.4220283581        458065.72589397512     
   4.4868799895946325E-002   683888.70300601388        278341.74334977625     
   4.4869763999844450E-002   579479.07389518037        224988.40523839000     
   4.4870728103742576E-002   1213576.0694902064        488916.15258134500     
   4.4871692207640701E-002   927228.61790409056        382526.61693239171     
   4.4872656311538826E-002   465034.92039090174        177352.58109068795     
   4.4873620415436952E-002   394234.04322319914        158388.17452345605     
   4.4874584519335077E-002   1364019.2095669031        457849.39482373494     
   4.4875548623233202E-002   960080.18714918243        335934.31438906246     
   4.4876512727131328E-002   1007458.3297699359        373526.69647472200     
   4.4877476831029453E-002   1326829.8576316824        472831.13046638778     
   4.4878440934927578E-002   2205268.9550996474        653114.40645816154     
   4.4879405038825704E-002   839754.76129179727        286513.90939076338     
   4.4880369142723829E-002   683850.55051916430        233514.11030513200     
   4.4881333246621954E-002   1493399.7565908325        440415.13523495232     
   4.4882297350520080E-002   469083.71880013688        134381.09166980372     
   4.4883261454418205E-002   674687.33688893926        206491.94600378629     
   4.4884225558316330E-002   1762056.7760308650        594552.15288978966     
   4.4885189662214456E-002   211178.22145154243        99330.312379115916     
   4.4886153766112581E-002   415546.47832462541        174012.25125878985     
   4.4887117870010707E-002   1251417.7824855184        418537.40533467126     
   4.4888081973908832E-002   1245551.2115620312        427784.14032449143     
   4.4889046077806957E-002   1916152.6782074757        612073.19319074997     
   4.4890010181705083E-002   1354038.9521062153        447780.28218123084     
   4.4890974285603208E-002   1360820.0057500254        479079.51034710364     
   4.4891938389501333E-002   1586504.4335762030        1030167.4907653371     
   4.4892902493399459E-002   1030703.9078770846        341560.41603468294     
   4.4893866597297584E-002   1516662.8435974813        374478.68315284303     
   4.4894830701195709E-002   1306588.5602608123        304819.59587160090     
   4.4895794805093835E-002   862897.80217485433        295878.45908576320     
   4.4896758908991960E-002   1374539.9822468495        378937.40428188920     
   4.4897723012890085E-002   1101563.7829709630        292969.25082627812     
   4.4898687116788211E-002   1083482.5074427188        320070.60424469120     
   4.4899651220686336E-002   1265677.1622862474        309430.64094145293     
   4.4900615324584461E-002   1369912.1636142104        412510.09186605777     
   4.4901579428482587E-002   1633647.6347410847        448676.74742544536     
   4.4902543532380712E-002   1240065.4939166903        381031.30212922621     
   4.4903507636278837E-002   1052266.7200551312        286655.59988437424     
   4.4904471740176963E-002   2692364.2688063267        691497.51591489813     
   4.4905435844075088E-002   855202.13447949465        294640.92997766717     
   4.4906399947973213E-002   2486703.6031700317        609405.57202941133     
   4.4907364051871339E-002   1620581.1117718604        498122.65894704621     
   4.4908328155769464E-002   2602562.0440117731        695259.87886019226     
   4.4909292259667589E-002   1702536.4231193790        490936.82034891099     
   4.4910256363565715E-002   2003020.6502023281        494921.57535904669     
   4.4911220467463840E-002   1537334.2806885568        401383.59361315751     
   4.4912184571361966E-002   3252929.4486864437        858844.34328199737     
   4.4913148675260091E-002   4228517.2317911312        1058168.4630456262     
   4.4914112779158216E-002   2120941.1048559002        556916.18802315521     
   4.4915076883056342E-002   1862215.5456602429        424551.37199925701     
   4.4916040986954467E-002   3587839.1301395493        874163.86875372985     
   4.4917005090852592E-002   1671086.5965640515        369680.77829135919     
   4.4917969194750718E-002   1588376.9994747129        455629.28649486689     
   4.4918933298648843E-002   3588820.5285977521        822027.99943641422     
   4.4919897402546968E-002   3221458.2611406324        662202.96012664610     
   4.4920861506445094E-002   2777881.1091281115        660416.52291738999     
   4.4921825610343219E-002   3884746.6820692513        729140.44285678188     
   4.4922789714241344E-002   3837915.8653556574        731046.59507338121     
   4.4923753818139470E-002   3958921.5020200661        821278.76542060729     
   4.4924717922037595E-002   2526793.9493005844        610846.01951279771     
   4.4925682025935720E-002   2663439.8452742645        549180.36897787708     
   4.4926646129833846E-002   4574638.3968165824        866531.53065521375     
   4.4927610233731971E-002   5680707.8873125054        941099.27409037075     
   4.4928574337630096E-002   3873069.1900736163        745780.41222169681     
   4.4929538441528222E-002   5471285.4747822126        949360.75437120441     
   4.4930502545426347E-002   3749691.6487423684        718639.58220129006     
   4.4931466649324472E-002   4646862.9119201014        766091.94932601845     
   4.4932430753222598E-002   6642785.9412356606        1035694.1471728679     
   4.4933394857120723E-002   5941025.6023172550        772476.34475753375     
   4.4934358961018848E-002   8207563.9961514538        1205168.7314775141     
   4.4935323064916974E-002   7520762.4834637288        972266.42949088989     
   4.4936287168815099E-002   8448807.7926518172        1083714.0685352173     
   4.4937251272713225E-002   7327293.6095047761        959123.41987195704     
   4.4938215376611350E-002   15324010.659837516        1560890.2341693514     
   4.4939179480509475E-002   17003967.613245230        1614838.2347539538     
   4.4940143584407601E-002   15517895.332074163        1491710.1896121893     
   4.4941107688305726E-002   26795488.687830672        2005745.7082368194     
   4.4942071792203851E-002   38955905.355503194        3247265.1250322969     
   4.4943035896101977E-002   195881797.05346090        13409874.986770034     
