 -0.99999847691328769        0.0000000000000000        0.0000000000000000     
 -0.99333182040053247        0.0000000000000000        0.0000000000000000     
 -0.98666516388777725        0.0000000000000000        0.0000000000000000     
 -0.97999850737502203        0.0000000000000000        0.0000000000000000     
 -0.97333185086226681        0.0000000000000000        0.0000000000000000     
 -0.96666519434951159        0.0000000000000000        0.0000000000000000     
 -0.95999853783675637        0.0000000000000000        0.0000000000000000     
 -0.95333188132400115        0.0000000000000000        0.0000000000000000     
 -0.94666522481124593        0.0000000000000000        0.0000000000000000     
 -0.93999856829849071        0.0000000000000000        0.0000000000000000     
 -0.93333191178573549        0.0000000000000000        0.0000000000000000     
 -0.92666525527298027        0.0000000000000000        0.0000000000000000     
 -0.91999859876022505        0.0000000000000000        0.0000000000000000     
 -0.91333194224746983        0.0000000000000000        0.0000000000000000     
 -0.90666528573471461        0.0000000000000000        0.0000000000000000     
 -0.89999862922195939        0.0000000000000000        0.0000000000000000     
 -0.89333197270920417        0.0000000000000000        0.0000000000000000     
 -0.88666531619644895        0.0000000000000000        0.0000000000000000     
 -0.87999865968369373        0.0000000000000000        0.0000000000000000     
 -0.87333200317093851        0.0000000000000000        0.0000000000000000     
 -0.86666534665818329        0.0000000000000000        0.0000000000000000     
 -0.85999869014542807        0.0000000000000000        0.0000000000000000     
 -0.85333203363267285        0.0000000000000000        0.0000000000000000     
 -0.84666537711991763        0.0000000000000000        0.0000000000000000     
 -0.83999872060716241        0.0000000000000000        0.0000000000000000     
 -0.83333206409440719        0.0000000000000000        0.0000000000000000     
 -0.82666540758165197        0.0000000000000000        0.0000000000000000     
 -0.81999875106889675        0.0000000000000000        0.0000000000000000     
 -0.81333209455614153        0.0000000000000000        0.0000000000000000     
 -0.80666543804338631        0.0000000000000000        0.0000000000000000     
 -0.79999878153063109        0.0000000000000000        0.0000000000000000     
 -0.79333212501787587        0.0000000000000000        0.0000000000000000     
 -0.78666546850512065        0.0000000000000000        0.0000000000000000     
 -0.77999881199236543        0.0000000000000000        0.0000000000000000     
 -0.77333215547961021        0.0000000000000000        0.0000000000000000     
 -0.76666549896685499        0.0000000000000000        0.0000000000000000     
 -0.75999884245409977        0.0000000000000000        0.0000000000000000     
 -0.75333218594134455        0.0000000000000000        0.0000000000000000     
 -0.74666552942858933        0.0000000000000000        0.0000000000000000     
 -0.73999887291583410        0.0000000000000000        0.0000000000000000     
 -0.73333221640307888        0.0000000000000000        0.0000000000000000     
 -0.72666555989032366        0.0000000000000000        0.0000000000000000     
 -0.71999890337756844        0.0000000000000000        0.0000000000000000     
 -0.71333224686481322        0.0000000000000000        0.0000000000000000     
 -0.70666559035205800        0.0000000000000000        0.0000000000000000     
 -0.69999893383930278        0.0000000000000000        0.0000000000000000     
 -0.69333227732654756        0.0000000000000000        0.0000000000000000     
 -0.68666562081379234        0.0000000000000000        0.0000000000000000     
 -0.67999896430103712        0.0000000000000000        0.0000000000000000     
 -0.67333230778828190        0.0000000000000000        0.0000000000000000     
 -0.66666565127552668        0.0000000000000000        0.0000000000000000     
 -0.65999899476277146        0.0000000000000000        0.0000000000000000     
 -0.65333233825001624        0.0000000000000000        0.0000000000000000     
 -0.64666568173726102        0.0000000000000000        0.0000000000000000     
 -0.63999902522450580        0.0000000000000000        0.0000000000000000     
 -0.63333236871175058        0.0000000000000000        0.0000000000000000     
 -0.62666571219899536        0.0000000000000000        0.0000000000000000     
 -0.61999905568624014        0.0000000000000000        0.0000000000000000     
 -0.61333239917348492        0.0000000000000000        0.0000000000000000     
 -0.60666574266072970        0.0000000000000000        0.0000000000000000     
 -0.59999908614797448        0.0000000000000000        0.0000000000000000     
 -0.59333242963521926        0.0000000000000000        0.0000000000000000     
 -0.58666577312246404        0.0000000000000000        0.0000000000000000     
 -0.57999911660970882        0.0000000000000000        0.0000000000000000     
 -0.57333246009695360        0.0000000000000000        0.0000000000000000     
 -0.56666580358419838        0.0000000000000000        0.0000000000000000     
 -0.55999914707144316        0.0000000000000000        0.0000000000000000     
 -0.55333249055868794        0.0000000000000000        0.0000000000000000     
 -0.54666583404593272        0.0000000000000000        0.0000000000000000     
 -0.53999917753317750        0.0000000000000000        0.0000000000000000     
 -0.53333252102042228        0.0000000000000000        0.0000000000000000     
 -0.52666586450766706        0.0000000000000000        0.0000000000000000     
 -0.51999920799491184        0.0000000000000000        0.0000000000000000     
 -0.51333255148215662        0.0000000000000000        0.0000000000000000     
 -0.50666589496940140        0.0000000000000000        0.0000000000000000     
 -0.49999923845664612        0.0000000000000000        0.0000000000000000     
 -0.49333258194389085        0.0000000000000000        0.0000000000000000     
 -0.48666592543113557        0.0000000000000000        0.0000000000000000     
 -0.47999926891838030        0.0000000000000000        0.0000000000000000     
 -0.47333261240562502        0.0000000000000000        0.0000000000000000     
 -0.46666595589286974        0.0000000000000000        0.0000000000000000     
 -0.45999929938011447        0.0000000000000000        0.0000000000000000     
 -0.45333264286735919        0.0000000000000000        0.0000000000000000     
 -0.44666598635460392        0.0000000000000000        0.0000000000000000     
 -0.43999932984184864        0.0000000000000000        0.0000000000000000     
 -0.43333267332909337        0.0000000000000000        0.0000000000000000     
 -0.42666601681633809        0.0000000000000000        0.0000000000000000     
 -0.41999936030358281        0.0000000000000000        0.0000000000000000     
 -0.41333270379082754        0.0000000000000000        0.0000000000000000     
 -0.40666604727807226        0.0000000000000000        0.0000000000000000     
 -0.39999939076531699        0.0000000000000000        0.0000000000000000     
 -0.39333273425256171        0.0000000000000000        0.0000000000000000     
 -0.38666607773980644        0.0000000000000000        0.0000000000000000     
 -0.37999942122705116        0.0000000000000000        0.0000000000000000     
 -0.37333276471429588        0.0000000000000000        0.0000000000000000     
 -0.36666610820154061        0.0000000000000000        0.0000000000000000     
 -0.35999945168878533        0.0000000000000000        0.0000000000000000     
 -0.35333279517603006        0.0000000000000000        0.0000000000000000     
 -0.34666613866327478        0.0000000000000000        0.0000000000000000     
 -0.33999948215051951        0.0000000000000000        0.0000000000000000     
 -0.33333282563776423        0.0000000000000000        0.0000000000000000     
 -0.32666616912500895        0.0000000000000000        0.0000000000000000     
 -0.31999951261225368        0.0000000000000000        0.0000000000000000     
 -0.31333285609949840        0.0000000000000000        0.0000000000000000     
 -0.30666619958674313        0.0000000000000000        0.0000000000000000     
 -0.29999954307398785        0.0000000000000000        0.0000000000000000     
 -0.29333288656123258        0.0000000000000000        0.0000000000000000     
 -0.28666623004847730        0.0000000000000000        0.0000000000000000     
 -0.27999957353572202        0.0000000000000000        0.0000000000000000     
 -0.27333291702296675        0.0000000000000000        0.0000000000000000     
 -0.26666626051021147        0.0000000000000000        0.0000000000000000     
 -0.25999960399745620        0.0000000000000000        0.0000000000000000     
 -0.25333294748470092        0.0000000000000000        0.0000000000000000     
 -0.24666629097194567        0.0000000000000000        0.0000000000000000     
 -0.23999963445919043        0.0000000000000000        0.0000000000000000     
 -0.23333297794643518        0.0000000000000000        0.0000000000000000     
 -0.22666632143367993        0.0000000000000000        0.0000000000000000     
 -0.21999966492092468        0.0000000000000000        0.0000000000000000     
 -0.21333300840816943        0.0000000000000000        0.0000000000000000     
 -0.20666635189541419        0.0000000000000000        0.0000000000000000     
 -0.19999969538265894        0.0000000000000000        0.0000000000000000     
 -0.19333303886990369        0.0000000000000000        0.0000000000000000     
 -0.18666638235714844        0.0000000000000000        0.0000000000000000     
 -0.17999972584439319        0.0000000000000000        0.0000000000000000     
 -0.17333306933163795        0.0000000000000000        0.0000000000000000     
 -0.16666641281888270        0.0000000000000000        0.0000000000000000     
 -0.15999975630612745        0.0000000000000000        0.0000000000000000     
 -0.15333309979337220        0.0000000000000000        0.0000000000000000     
 -0.14666644328061695        0.0000000000000000        0.0000000000000000     
 -0.13999978676786171        0.0000000000000000        0.0000000000000000     
 -0.13333313025510646        0.0000000000000000        0.0000000000000000     
 -0.12666647374235121        0.0000000000000000        0.0000000000000000     
 -0.11999981722959596        0.0000000000000000        0.0000000000000000     
 -0.11333316071684071        0.0000000000000000        0.0000000000000000     
 -0.10666650420408547        0.0000000000000000        0.0000000000000000     
  -9.9999847691330218E-002   0.0000000000000000        0.0000000000000000     
  -9.3333191178574970E-002   0.0000000000000000        0.0000000000000000     
  -8.6666534665819722E-002   0.0000000000000000        0.0000000000000000     
  -7.9999878153064474E-002   0.0000000000000000        0.0000000000000000     
  -7.3333221640309226E-002   0.0000000000000000        0.0000000000000000     
  -6.6666565127553978E-002   0.0000000000000000        0.0000000000000000     
  -5.9999908614798730E-002   0.0000000000000000        0.0000000000000000     
  -5.3333252102043482E-002   0.0000000000000000        0.0000000000000000     
  -4.6666595589288234E-002   0.0000000000000000        0.0000000000000000     
  -3.9999939076532987E-002   0.0000000000000000        0.0000000000000000     
  -3.3333282563777739E-002   0.0000000000000000        0.0000000000000000     
  -2.6666626051022487E-002   0.0000000000000000        0.0000000000000000     
  -1.9999969538267236E-002   0.0000000000000000        0.0000000000000000     
  -1.3333313025511984E-002   0.0000000000000000        0.0000000000000000     
  -6.6666565127567329E-003   0.0000000000000000        0.0000000000000000     
  -1.4814538484841933E-015   0.0000000000000000        0.0000000000000000     
   6.6666565127537700E-003   0.0000000000000000        0.0000000000000000     
   1.3333313025509021E-002   0.0000000000000000        0.0000000000000000     
   1.9999969538264273E-002   0.0000000000000000        0.0000000000000000     
   2.6666626051019524E-002   0.0000000000000000        0.0000000000000000     
   3.3333282563774776E-002   0.0000000000000000        0.0000000000000000     
   3.9999939076530031E-002   0.0000000000000000        0.0000000000000000     
   4.6666595589285279E-002   0.0000000000000000        0.0000000000000000     
   5.3333252102040526E-002   0.0000000000000000        0.0000000000000000     
   5.9999908614795774E-002   0.0000000000000000        0.0000000000000000     
   6.6666565127551022E-002   0.0000000000000000        0.0000000000000000     
   7.3333221640306270E-002   0.0000000000000000        0.0000000000000000     
   7.9999878153061518E-002   0.0000000000000000        0.0000000000000000     
   8.6666534665816766E-002   0.0000000000000000        0.0000000000000000     
   9.3333191178572014E-002   0.0000000000000000        0.0000000000000000     
   9.9999847691327262E-002   0.0000000000000000        0.0000000000000000     
  0.10666650420408251        0.0000000000000000        0.0000000000000000     
  0.11333316071683776        0.0000000000000000        0.0000000000000000     
  0.11999981722959301        0.0000000000000000        0.0000000000000000     
  0.12666647374234827        0.0000000000000000        0.0000000000000000     
  0.13333313025510352        0.0000000000000000        0.0000000000000000     
  0.13999978676785876        0.0000000000000000        0.0000000000000000     
  0.14666644328061401        0.0000000000000000        0.0000000000000000     
  0.15333309979336926        0.0000000000000000        0.0000000000000000     
  0.15999975630612451        0.0000000000000000        0.0000000000000000     
  0.16666641281887976        0.0000000000000000        0.0000000000000000     
  0.17333306933163500        0.0000000000000000        0.0000000000000000     
  0.17999972584439025        0.0000000000000000        0.0000000000000000     
  0.18666638235714550        0.0000000000000000        0.0000000000000000     
  0.19333303886990075        0.0000000000000000        0.0000000000000000     
  0.19999969538265600        0.0000000000000000        0.0000000000000000     
  0.20666635189541124        0.0000000000000000        0.0000000000000000     
  0.21333300840816649        0.0000000000000000        0.0000000000000000     
  0.21999966492092174        0.0000000000000000        0.0000000000000000     
  0.22666632143367699        0.0000000000000000        0.0000000000000000     
  0.23333297794643224        0.0000000000000000        0.0000000000000000     
  0.23999963445918748        0.0000000000000000        0.0000000000000000     
  0.24666629097194273        0.0000000000000000        0.0000000000000000     
  0.25333294748469798        0.0000000000000000        0.0000000000000000     
  0.25999960399745325        0.0000000000000000        0.0000000000000000     
  0.26666626051020853        0.0000000000000000        0.0000000000000000     
  0.27333291702296381        0.0000000000000000        0.0000000000000000     
  0.27999957353571908        0.0000000000000000        0.0000000000000000     
  0.28666623004847436        0.0000000000000000        0.0000000000000000     
  0.29333288656122963        0.0000000000000000        0.0000000000000000     
  0.29999954307398491        0.0000000000000000        0.0000000000000000     
  0.30666619958674018        0.0000000000000000        0.0000000000000000     
  0.31333285609949546        0.0000000000000000        0.0000000000000000     
  0.31999951261225074        0.0000000000000000        0.0000000000000000     
  0.32666616912500601        0.0000000000000000        0.0000000000000000     
  0.33333282563776129        0.0000000000000000        0.0000000000000000     
  0.33999948215051656        0.0000000000000000        0.0000000000000000     
  0.34666613866327184        0.0000000000000000        0.0000000000000000     
  0.35333279517602711        0.0000000000000000        0.0000000000000000     
  0.35999945168878239        0.0000000000000000        0.0000000000000000     
  0.36666610820153767        0.0000000000000000        0.0000000000000000     
  0.37333276471429294        0.0000000000000000        0.0000000000000000     
  0.37999942122704822        0.0000000000000000        0.0000000000000000     
  0.38666607773980349        0.0000000000000000        0.0000000000000000     
  0.39333273425255877        0.0000000000000000        0.0000000000000000     
  0.39999939076531404        0.0000000000000000        0.0000000000000000     
  0.40666604727806932        0.0000000000000000        0.0000000000000000     
  0.41333270379082460        0.0000000000000000        0.0000000000000000     
  0.41999936030357987        0.0000000000000000        0.0000000000000000     
  0.42666601681633515        0.0000000000000000        0.0000000000000000     
  0.43333267332909042        0.0000000000000000        0.0000000000000000     
  0.43999932984184570        0.0000000000000000        0.0000000000000000     
  0.44666598635460097        0.0000000000000000        0.0000000000000000     
  0.45333264286735625        0.0000000000000000        0.0000000000000000     
  0.45999929938011153        0.0000000000000000        0.0000000000000000     
  0.46666595589286680        0.0000000000000000        0.0000000000000000     
  0.47333261240562208        0.0000000000000000        0.0000000000000000     
  0.47999926891837735        0.0000000000000000        0.0000000000000000     
  0.48666592543113263        0.0000000000000000        0.0000000000000000     
  0.49333258194388790        0.0000000000000000        0.0000000000000000     
  0.49999923845664318        0.0000000000000000        0.0000000000000000     
  0.50666589496939840        0.0000000000000000        0.0000000000000000     
  0.51333255148215362        0.0000000000000000        0.0000000000000000     
  0.51999920799490884        0.0000000000000000        0.0000000000000000     
  0.52666586450766406        0.0000000000000000        0.0000000000000000     
  0.53333252102041928        0.0000000000000000        0.0000000000000000     
  0.53999917753317450        0.0000000000000000        0.0000000000000000     
  0.54666583404592972        0.0000000000000000        0.0000000000000000     
  0.55333249055868494        0.0000000000000000        0.0000000000000000     
  0.55999914707144016        0.0000000000000000        0.0000000000000000     
  0.56666580358419538        0.0000000000000000        0.0000000000000000     
  0.57333246009695060        0.0000000000000000        0.0000000000000000     
  0.57999911660970582        0.0000000000000000        0.0000000000000000     
  0.58666577312246104        0.0000000000000000        0.0000000000000000     
  0.59333242963521626        0.0000000000000000        0.0000000000000000     
  0.59999908614797148        0.0000000000000000        0.0000000000000000     
  0.60666574266072670        0.0000000000000000        0.0000000000000000     
  0.61333239917348192        0.0000000000000000        0.0000000000000000     
  0.61999905568623714        0.0000000000000000        0.0000000000000000     
  0.62666571219899236        0.0000000000000000        0.0000000000000000     
  0.63333236871174758        0.0000000000000000        0.0000000000000000     
  0.63999902522450280        0.0000000000000000        0.0000000000000000     
  0.64666568173725802        0.0000000000000000        0.0000000000000000     
  0.65333233825001324        0.0000000000000000        0.0000000000000000     
  0.65999899476276846        0.0000000000000000        0.0000000000000000     
  0.66666565127552369        0.0000000000000000        0.0000000000000000     
  0.67333230778827891        0.0000000000000000        0.0000000000000000     
  0.67999896430103413        0.0000000000000000        0.0000000000000000     
  0.68666562081378935        0.0000000000000000        0.0000000000000000     
  0.69333227732654457        0.0000000000000000        0.0000000000000000     
  0.69999893383929979        0.0000000000000000        0.0000000000000000     
  0.70666559035205501        0.0000000000000000        0.0000000000000000     
  0.71333224686481023        0.0000000000000000        0.0000000000000000     
  0.71999890337756545        0.0000000000000000        0.0000000000000000     
  0.72666555989032067        0.0000000000000000        0.0000000000000000     
  0.73333221640307589        0.0000000000000000        0.0000000000000000     
  0.73999887291583111        0.0000000000000000        0.0000000000000000     
  0.74666552942858633        0.0000000000000000        0.0000000000000000     
  0.75333218594134155        0.0000000000000000        0.0000000000000000     
  0.75999884245409677        0.0000000000000000        0.0000000000000000     
  0.76666549896685199        0.0000000000000000        0.0000000000000000     
  0.77333215547960721        0.0000000000000000        0.0000000000000000     
  0.77999881199236243        0.0000000000000000        0.0000000000000000     
  0.78666546850511765        0.0000000000000000        0.0000000000000000     
  0.79333212501787287        0.0000000000000000        0.0000000000000000     
  0.79999878153062809        0.0000000000000000        0.0000000000000000     
  0.80666543804338331        0.0000000000000000        0.0000000000000000     
  0.81333209455613853        0.0000000000000000        0.0000000000000000     
  0.81999875106889375        0.0000000000000000        0.0000000000000000     
  0.82666540758164897        0.0000000000000000        0.0000000000000000     
  0.83333206409440419        0.0000000000000000        0.0000000000000000     
  0.83999872060715941        0.0000000000000000        0.0000000000000000     
  0.84666537711991463        0.0000000000000000        0.0000000000000000     
  0.85333203363266985        0.0000000000000000        0.0000000000000000     
  0.85999869014542507        0.0000000000000000        0.0000000000000000     
  0.86666534665818029        0.0000000000000000        0.0000000000000000     
  0.87333200317093551        0.0000000000000000        0.0000000000000000     
  0.87999865968369073        0.0000000000000000        0.0000000000000000     
  0.88666531619644595        0.0000000000000000        0.0000000000000000     
  0.89333197270920117        0.0000000000000000        0.0000000000000000     
  0.89999862922195639        0.0000000000000000        0.0000000000000000     
  0.90666528573471161        0.0000000000000000        0.0000000000000000     
  0.91333194224746683        0.0000000000000000        0.0000000000000000     
  0.91999859876022205        0.0000000000000000        0.0000000000000000     
  0.92666525527297727        0.0000000000000000        0.0000000000000000     
  0.93333191178573249        0.0000000000000000        0.0000000000000000     
  0.93999856829848771        0.0000000000000000        0.0000000000000000     
  0.94666522481124293        0.0000000000000000        0.0000000000000000     
  0.95333188132399815        0.0000000000000000        0.0000000000000000     
  0.95999853783675337        0.0000000000000000        0.0000000000000000     
  0.96666519434950859        0.0000000000000000        0.0000000000000000     
  0.97333185086226381        0.0000000000000000        0.0000000000000000     
  0.97999850737501903        0.0000000000000000        0.0000000000000000     
  0.98666516388777425        0.0000000000000000        0.0000000000000000     
  0.99333182040052947        0.0000000000000000        0.0000000000000000     
